;Exported by: butyvsky
;Date:        Tue Dec 12 12:41:41 2006
;File:        D:\-Projects-\-3D Work-\Tank\Nashorn\Nashorn_x.max
{Skeleton
	{bone "basis"
		{parameters "WheelRadius=0.6;"}
		{Orientation
			1	0	0
			0	-1	0
			0	0	1
		}
		{bone "wheelsl"
			{parameters "ID=trackleft;"}
			{animation
				{sequence "break" {file "trackL_b.anm"} {speed 0.5}}
			}
			{Matrix34
				-1	0	0
				0	0	1
				0	1	0
				-0.0224573	24.5396	12.231
			}
			{VolumeView "wheelsl.ply"}
			{bone revolute "wheell3"
				{parameters "ID=trackleft;"}
				{Position -35.0941	-7.23479	0.372416}
				{VolumeView "wheell3.ply"}
			}
			{bone revolute "wheell4"
				{parameters "ID=trackleft;"}
				{Position -25.4622	-7.23479	0.372418}
				{VolumeView "wheell3.ply"}
			}
			{bone revolute "wheell5"
				{parameters "ID=trackleft;"}
				{Position -14.6487	-7.23479	0.372419}
				{VolumeView "wheell3.ply"}
			}
			{bone revolute "wheell6"
				{parameters "ID=trackleft;"}
				{Position -4.61425	-7.23479	0.372421}
				{VolumeView "wheell3.ply"}
			}
			{bone revolute "wheell7"
				{parameters "ID=trackleft;"}
				{Position 6.0913	-7.23479	0.372422}
				{VolumeView "wheell3.ply"}
			}
			{bone revolute "wheell8"
				{parameters "ID=trackleft;"}
				{Position 16.1306	-7.23479	0.372424}
				{VolumeView "wheell3.ply"}
			}
			{bone revolute "wheell9"
				{parameters "ID=trackleft;"}
				{Position 26.756	-7.23479	0.372426}
				{VolumeView "wheell3.ply"}
			}
			{bone revolute "wheell10"
				{parameters "ID=trackleft;"}
				{Position 36.8615	-7.23479	0.372427}
				{VolumeView "wheell3.ply"}
			}
			{bone "trackl"
				{parameters "CommonMesh;ID=trackleft;"}
				{Matrix34
					1	0	0
					0	1	0
					0	0	1
					3.88961	-0.665944	0.929841
				}
				{VolumeView "trackl.ply"}
			}
		}
		{bone "wheelsr"
			{parameters "ID=trackright;"}
			{animation
				{sequence "break" {file "trackR_b.anm"} {speed 0.5}}
			}
			{Matrix34
				-1	0	0
				0	0	1
				0	-1	0
				-0.0224573	-23.3735	12.231
			}
			{VolumeView "wheelsr.ply"}
			{bone revolute "wheelr3"
				{parameters "ID=trackright;"}
				{Position -35.0979	-7.23478	1.89486}
				{VolumeView "wheelr3.ply"}
			}
			{bone revolute "wheelr4"
				{parameters "ID=trackright;"}
				{Position -25.4713	-7.23478	1.89486}
				{VolumeView "wheelr3.ply"}
			}
			{bone revolute "wheelr5"
				{parameters "ID=trackright;"}
				{Position -14.6631	-7.23478	1.89485}
				{VolumeView "wheelr3.ply"}
			}
			{bone revolute "wheelr6"
				{parameters "ID=trackright;"}
				{Position -4.61936	-7.23478	1.89485}
				{VolumeView "wheelr3.ply"}
			}
			{bone revolute "wheelr7"
				{parameters "ID=trackright;"}
				{Position 6.01042	-7.23478	1.89485}
				{VolumeView "wheelr3.ply"}
			}
			{bone revolute "wheelr8"
				{parameters "ID=trackright;"}
				{Position 16.1202	-7.23478	1.89485}
				{VolumeView "wheelr3.ply"}
			}
			{bone revolute "wheelr9"
				{parameters "ID=trackright;"}
				{Position 26.7625	-7.23478	1.89485}
				{VolumeView "wheelr3.ply"}
			}
			{bone revolute "wheelr10"
				{parameters "ID=trackright;"}
				{Position 36.8849	-7.23478	1.89485}
				{VolumeView "wheelr3.ply"}
			}
			{bone "trackr"
				{parameters "CommonMesh;ID=trackright;"}
				{Matrix34
					1	0	0
					0	1	0
					0	0	1
					3.10658	0.675636	3.1102
				}
				{VolumeView "trackr.ply"}
			}
		}
		{bone "body"
			{parameters "ID=body;"}
			;{animation
			;	{sequence "break" {file "body_b.anm"} {speed 0.65}}
			;}
			{Position -4.92723	0.0254992	8.52362}
			{VolumeView "body.ply"}
			{bone "cover1"
				{parameters "ID=body;"}
				{Matrix34
					0.027266	0.999623	-0.0033183
					0.254436	-0.00372979	0.967082
					-0.966705	0.0272128	0.254442
					-55.0391	-13.1474	30.0769
				}
				{VolumeView "cover1.ply"}
			}
			{bone "cover2"
				{parameters "ID=body;"}
				{Matrix34
					0.0224297	-0.999722	-0.00729078
					0.255584	-0.00131631	0.966786
					-0.966527	-0.0235481	0.255484
					-55.0392	13.2366	30.0766
				}
				{VolumeView "cover2.ply"}
			}
			{bone "turret"
				{parameters "ID=turret;"}
				;{animation
				;	{sequence "break" {file "turret_b.anm"} {speed 0.5}}
				;}
				{Position 5.68412	0.310853	30.6533}
				{VolumeView "turret.ply"}
				{bone "gun_rot"
					{parameters "ID=gun;"}
					;{animation
					;	{sequence "break" {file "gun_b.anm"} {speed 0.5}}
					;}
					{Matrix34
						0.999964	0	0.0084801
						0.00848002	0	-0.999964
						0	1	0
						-5.78648	-0.58472	4.5727
					}
					{VolumeView "gun_rot.ply"}
					{bone "gun"
						{parameters "ID=gun;"}
						{Matrix34
							1	0	0
							0	0	1
							0	-1	0
							-30.7988	-2.99709	1.53201
						}
						{VolumeView "gun.ply"}
					}
				}
			}
			{bone revolute "wheell1"
				{parameters "ID=trackleft;"}
				{Matrix34
					-0.999983	0.00282819	-0.00511104
					-0.00511102	1.42332e-005	0.999987
					0.00282816	0.999996	0
					57.4516	24.5766	6.16755
				}
				{VolumeView "wheell1.ply"}
			}
			{bone revolute "wheell2"
				{parameters "ID=trackleft;"}
				{Matrix34
					-0.999983	0.00282818	-0.00511103
					-0.00511101	1.42473e-005	0.999987
					0.00282819	0.999996	0
					-48.8658	25.8813	3.8188
				}
				{VolumeView "wheell2.ply"}
			}
			{bone revolute "wheelr1"
				{parameters "ID=trackright;"}
				{Matrix34
					-0.999983	0.00282819	-0.00511104
					-0.00511102	1.42332e-005	0.999987
					0.00282816	0.999996	0
					57.4516	-26.8597	6.16755
				}
				{VolumeView "wheelr1.ply"}
			}
			{bone revolute "wheelr2"
				{parameters "ID=trackright;"}
				{Matrix34
					-0.999983	0.00282826	-0.00511105
					-0.00511103	1.43084e-005	0.999987
					0.00282829	0.999996	0
					-48.8658	-25.8465	3.8188
				}
				{VolumeView "wheelr2.ply"}
			}
			{bone "door_front01"
				{Matrix34
					-1	0	0
					0	-1	0
					0	0	1
					43.8696	7.23715	27.7132
				}
				{VolumeView "door_front01.ply"}
			}
			{bone "enumerator"
				{Matrix34
					0.999912	-0.00525832	-0.012142
					0.0132268	0.372358	0.927995
					-0.000358526	-0.928074	0.372395
					0.144976	-26.1392	33.4584
				}
				{VolumeView "enumerator.ply"}
			}
			{bone "enumerator01"
				{Matrix34
					-0.999912	0.00525847	-0.012142
					-0.0132269	-0.372358	0.927995
					0.000358666	0.928074	0.372395
					-4.96875	26.1071	33.4584
				}
				{VolumeView "enumerator01.ply"}
			}
		}
	}
}
