;Exported by: Mauzer
;Date:        Tue Jul 06 09:49:17 2010
;File:        E:\Autodesk\Low poly\freelance\DMS\Churchill Mk VII + Crocodile variant + AVRE variant\Black Prince_xx.max
{Skeleton
	{bone "basis"
		{Orientation
			1	0	0
			0	-1	0
			0	0	1
		}
		{bone "wheelsl"
			{parameters "wheelsL;"}
			{Matrix34
				1	0	0
				0	-1	0
				0	0	1
				-2.35414	22.571	10.508
			}
			{VolumeView "wheelsl.ply"}
			{bone revolute "wheell3"
				{parameters "ID=trackleft;Radius=0.16;"}
				{Matrix34
					0.987688	0.156434	0
					0	0	-1
					0.156434	-0.987688	0
					42.6094	-0.135736	-6.53629
				}
				{VolumeView "wheell3.ply"}
			}
			{bone revolute "wheell8"
				{parameters "ID=trackleft;Radius=0.16;"}
				{Matrix34
					0.97079	-0.0664693	0.230542
					0.2356	0.0823149	-0.968358
					-0.0453891	-0.994387	-0.0955706
					-4.50327	-0.135723	-6.53629
				}
				{VolumeView "wheell3.ply"}
			}
			{bone revolute "wheell10"
				{parameters "ID=trackleft;Radius=0.16;"}
				{Matrix34
					1	0	0
					0	-0.156434	-0.987688
					0	-0.987688	0.156434
					-23.6589	-0.135717	-6.53629
				}
				{VolumeView "wheell3.ply"}
			}
		}
		{bone "wheelsr"
			{parameters "wheelsR;"}
			{Matrix34
				1	0	0
				0	-1	0
				0	0	1
				-2.35414	-23.0855	10.5079
			}
			{VolumeView "wheelsr.ply"}
			{bone revolute "wheelr11"
				{parameters "ID=trackRight;Radius=0.16;"}
				{Matrix34
					1	0	0
					0	0.224951	-0.97437
					0	0.97437	0.224951
					-33.2089	0.135725	-6.53629
				}
				{VolumeView "wheelr11.ply"}
			}
			{bone revolute "wheelr9"
				{parameters "ID=trackRight;Radius=0.16;"}
				{Matrix34
					1	0	0
					0	-0.104528	-0.994522
					0	0.994522	-0.104528
					-14.2654	0.135721	-6.53629
				}
				{VolumeView "wheelr11.ply"}
			}
			{bone revolute "wheelr6"
				{parameters "ID=trackRight;Radius=0.16;"}
				{Matrix34
					1	0	0
					0	0	-1
					0	1	0
					14.3847	0.135712	-6.53629
				}
				{VolumeView "wheelr11.ply"}
			}
			{bone revolute "wheelr5"
				{parameters "ID=trackRight;Radius=0.16;"}
				{Matrix34
					0.994522	-0.104529	0
					0	0	-1
					0.104529	0.994522	0
					23.7699	0.135706	-6.53629
				}
				{VolumeView "wheelr11.ply"}
			}
		}
		{bone "body"
			{parameters "ID=body;"}
			{Matrix34
				1	-0.000305502	0
				-0.000305475	-0.999848	0.0174572
				0	0.0174572	0.999848
				-3.65804	-0.257285	18.4376
			}
			{VolumeView "body.ply"}
			{bone "cover7"
				{Matrix34
					-0.258819	0.965779	-0.0168609
					-0.965779	-0.258435	0.0219728
					0.0168634	0.0219709	0.999616
					35.4922	-28.6744	0.971182
				}
				{VolumeView "cover7.ply"}
			}
			{bone "part5"
				{Matrix34
					0.83453	-0.544285	0.0855192
					0.55025	0.831242	-0.0791341
					-0.0280156	0.113097	0.993189
					35.4922	28.6753	0.971169
				}
				{VolumeView "part5.ply"}
			}
			{bone "part7"
				{Position 73.3398	-22.5192	4.76777}
				{VolumeView "part7.ply"}
			}
			{bone "part6"
				{Position -62.8663	-22.5882	8.58846}
				{VolumeView "part6.ply"}
			}
			{bone "part2"
				{Matrix34
					-0.300706	0.953717	0
					-0.953717	-0.300705	0
					0	0	1
					48.1816	11.5551	7.99125
				}
				{VolumeView "part2.ply"}
			}
			{bone revolute "turret"
				{parameters "ID=turret;"}
				{speed 0.01}
				{Matrix34
					0.981757	0.189369	-0.0170971
					0.189783	-0.981449	0.0272014
					0.0116289	0.0299499	0.999484
					0.297205	-0.124059	18.1782
				}
				{VolumeView "turret.ply"}
				{bone revolute "gun_rot"
					{parameters "ID=gun;"}
					{limits -10 15}
					{speed 0.01}
					{Matrix34
						0.992848	0.00952953	-0.119003
						0.119384	-0.0764391	0.989901
						0.000336728	-0.997029	-0.0770301
						19.249	-0.237376	-0.151505
					}
					{VolumeView "gun_rot.ply"}
					{bone "gun"
						{parameters "ID=gun;"}
						{Matrix34
							1	0	0
							0	0	1
							0	1	0
							38.4293	1.24137	0.11721
						}
						{VolumeView "gun.ply"}
					}
				}
				{bone "cover4"
					{Matrix34
						-0.743732	-0.331131	0.580703
						0.406737	-0.913545	0
						-0.530499	-0.236193	-0.814116
						-15.5776	5.96137	10.661
					}
					{VolumeView "cover4.ply"}
				}
				{bone "cover2"
					{Matrix34
						0.999987	-0.00504639	0.000213145
						0.00392932	0.803755	0.594948
						0.00317369	0.594939	-0.803764
						-5.36131	-4.35578	12.2043
					}
					{VolumeView "cover2.ply"}
				}
				{bone "cover1"
					{Matrix34
						0.999975	0.00708068	0.000226216
						-0.00535996	0.777077	-0.629383
						0.0046322	-0.629366	-0.777096
						-5.36132	-13.5606	12.2043
					}
					{VolumeView "cover1.ply"}
				}
				{bone "part1"
					{Matrix34
						1	0	0
						0	-1	0
						0	0	1
						-29.5136	1.92729	4.21384
					}
					{VolumeView "part1.ply"}
				}
			}
			{bone revolute "part3"
				{parameters "ID=trackleft;Radius=0.4;"}
				{Matrix34
					1	0	0
					0	0.113203	-0.993572
					0	-0.993572	-0.113203
					66.9811	-22.8056	-1.26162
				}
				{VolumeView "part3.ply"}
			}
			{bone revolute "part4"
				{parameters "ID=trackRight;Radius=0.4;"}
				{Matrix34
					1	0	0
					0	0	-1
					0	1	0
					-61.1174	22.8056	3.5664
				}
				{VolumeView "part4.ply"}
			}
			{bone revolute "wheelr1"
				{parameters "ID=trackRight;Radius=0.4;"}
				{Matrix34
					1	0	0
					0	0.0871556	-0.996195
					0	0.996195	0.0871556
					66.9811	22.8056	-1.26162
				}
				{VolumeView "wheelr1.ply"}
			}
			{bone revolute "wheell2"
				{parameters "ID=trackleft;Radius=0.16;"}
				{Matrix34
					0.923872	-0.026696	-0.38177
					-0.382702	-0.0644459	-0.921622
					0	-0.997564	0.0697563
					54.413	-22.964	-12.5582
				}
				{VolumeView "wheell3.ply"}
			}
			{bone revolute "wheell13"
				{parameters "ID=trackleft;Radius=0.16;"}
				{Matrix34
					0.927147	-0.123208	-0.353862
					-0.349695	0.0546821	-0.935267
					-0.134583	-0.990873	-0.00761303
					-51.3315	-22.964	-10.35
				}
				{VolumeView "wheell3.ply"}
			}
			{bone revolute "wheelr2"
				{parameters "ID=trackRight;Radius=0.16;"}
				{Matrix34
					0.917185	0.104527	-0.384509
					-0.382049	-0.0434175	-0.923122
					-0.113186	0.993574	0.000112677
					54.4131	22.964	-12.5582
				}
				{VolumeView "wheelr11.ply"}
			}
			{bone revolute "wheelr13"
				{parameters "ID=trackRight;Radius=0.16;"}
				{Matrix34
					0.861629	0	-0.507539
					-0.507539	0	-0.861629
					0	1	0
					-51.3315	22.964	-10.35
				}
				{VolumeView "wheelr11.ply"}
			}
			{bone revolute "mgun_rot2"
				{Matrix34
					1	0	0
					0	0	1
					0	1	0
					47.466	-7.37577	7.45073
				}
				{bone revolute "mgun"
					{limits -15 15}
					{Matrix34
						0.947061	-0.27627	0.163557
						0.256841	0.346288	-0.902285
						0.192637	0.896526	0.398913
						-0.00703049	0	0
					}
					{VolumeView "mgun.ply"}
				}
			}
			{bone "en2"
				{parameters "CommonMesh;ID=engine;"}
				{Matrix34
					0.999657	-0.0166503	0.0201989
					-0.0261769	-0.635859	0.771361
					0	-0.771625	-0.636077
					-57.8152	7.54357	11.565
				}
				{VolumeView "en2.ply"}
			}
			{bone "en1"
				{parameters "CommonMesh;ID=engine;"}
				{Matrix34
					1	0	0
					0	0.961262	-0.275638
					0	0.275638	0.961262
					-57.8152	-7.5284	11.5651
				}
				{VolumeView "en1.ply"}
			}
			{bone "en3"
				{parameters "CommonMesh;ID=engine;"}
				{Matrix34
					0.97437	0	0.224951
					0	1	0
					-0.224951	0	0.97437
					-48.4465	-0.00228238	11.5694
				}
				{VolumeView "en3.ply"}
			}
		}
	}
}
{Volume "body1"
	{Polyhedron "body1.vol"}
	{Bone "body"}
	{Matrix34
		1	0	0
		0	-1	0
		0	0	1
		8.31444	-0.0118357	5.30866
	}
}
{Volume "body2"
	{Polyhedron "body2.vol"}
	{Bone "body"}
	{Matrix34
		1	0	0
		0	-1	0
		0	0	1
		15.0028	-0.011826	1.68842
	}
}
{Volume "body3"
	{Polyhedron "body3.vol"}
	{Bone "body"}
	{Matrix34
		1	0	0
		0	-1	0
		0	0	1
		-3.17209	-0.0118198	-4.68024
	}
}
{Volume "engine"
	{Polyhedron "engine.vol"}
	{Bone "body"}
	{Matrix34
		1	0	0
		0	-1	0
		0	0	1
		-38.6314	-10.3291	8.12091
	}
}
{Volume "gun"
	{Cylinder 1.94119 71.7645}
	{Bone "gun_rot"}
	{Matrix34
		0	0	-1
		0	1	0
		1	0	0
		35.9444	1.24137	0.117224
	}
}
{Volume "mantlet"
	{Polyhedron "mantlet.vol"}
	{Bone "gun_rot"}
	{Matrix34
		-1	0	0
		0	1	0
		0	0	-1
		1.95407	0.866783	-0.370762
	}
}
{Volume "part1"
	{Box 9.89672 20.7231 10.4924}
	{Bone "part1"}
	{Matrix34
		-1	0	0
		0	-1	0
		0	0	-1
		-0.0402684	0.00861149	-0.0645876
	}
}
{Volume "part2"
	{Cylinder 3.02128 3.01629}
	{Bone "part2"}
	{Matrix34
		0.000479244	0.999945	-0.0104969
		-0.0332759	0.010507	0.999391
		-0.999446	0.000129599	-0.0332791
		-0.63188	-3.78037	-0.0583322
	}
}
{Volume "part3"
	{Cylinder 8.17039 6.81604}
	{Bone "part3"}
	{Position 0	-0.00109149	-0.000133753}
}
{Volume "part4"
	{Cylinder 8.81281 6.57151}
	{Bone "part4"}
	{Matrix34
		1	0	0
		0	1	0
		0	0	-1
		0	0.000150065	0
	}
}
{Volume "part5"
	{Cylinder 5.32923 1.43661}
	{Bone "part5"}
	{Matrix34
		-0.999601	0.00230403	0.0281599
		0.0281779	0.0082073	0.999569
		-0.00207179	-0.999963	0.00826897
		-6.15748	-0.590983	0.0433542
	}
}
{Volume "part6"
	{Polyhedron "part6.vol"}
	{Bone "part6"}
	{Matrix34
		-1	0	0
		0	0	1
		0	-1	0
		1.41457	6.46419	-0.0815353
	}
}
{Volume "part7"
	{Polyhedron "part7.vol"}
	{Bone "part7"}
	{Matrix34
		-1	0	0
		0	0	1
		0	-1	0
		-0.189339	6.40646	-0.201544
	}
}
{Volume "trackleft"
	{Polyhedron "trackleft.vol"}
	{Bone "wheelsl"}
	{Matrix34
		1	0	0
		0	-1	0
		0	0	1
		1.16433	-0.63279	-10.508
	}
}
{Volume "trackright"
	{Polyhedron "trackright.vol"}
	{Bone "wheelsr"}
	{Matrix34
		1	0	0
		0	-1	0
		0	0	1
		1.16433	-1.08508	-10.508
	}
}
{Volume "turret"
	{Polyhedron "turret.vol"}
	{Bone "turret"}
	{Position 0	0	0}
}
