-= Animation: break, Node Body =-
	Frame 180 {
		TM {
			1	-3.89414e-007	1.04308e-007
			-1.04308e-007	-1.62921e-007	1
			3.89414e-007	1	1.62921e-007
			-0.853288	0.0656968	4.04166
		}
		Visibility 1
	}
	Frame 181 {
		TM {
			0.999998	-3.89414e-007	0.00175224
			-0.00175223	0.00195082	0.999997
			3.8077e-006	0.999998	-0.00195081
			-0.853298	0.0656968	4.03717
		}
		Visibility 1
	}
	Frame 182 {
		TM {
			0.999979	-3.89406e-007	0.00650798
			-0.00650781	0.00724615	0.999953
			4.75472e-005	0.999974	-0.007246
			-0.853328	0.0656968	4.02452
		}
		Visibility 1
	}
	Frame 183 {
		TM {
			0.999909	-3.89379e-007	0.0135162
			-0.0135146	0.0150493	0.999795
			0.000203798	0.999887	-0.0150479
			-0.85337	0.0656968	4.0049
		}
		Visibility 1
	}
	Frame 184 {
		TM {
			0.999757	-3.8932e-007	0.0220252
			-0.0220185	0.0245235	0.999457
			0.000540523	0.999699	-0.0245175
			-0.853423	0.0656968	3.97953
		}
		Visibility 1
	}
	Frame 185 {
		TM {
			0.999511	-3.89224e-007	0.0312831
			-0.0312641	0.034831	0.998904
			0.00109001	0.999393	-0.0348139
			-0.853479	0.0656968	3.94962
		}
		Visibility 1
	}
	Frame 186 {
		TM {
			0.999178	-3.89094e-007	0.0405384
			-0.0404971	0.0451349	0.99816
			0.00183009	0.998981	-0.0450978
			-0.853536	0.0656968	3.91638
		}
		Visibility 1
	}
	Frame 187 {
		TM {
			0.998797	-3.88946e-007	0.0490402
			-0.048967	0.054599	0.997307
			0.00267794	0.998508	-0.0545333
			-0.853588	0.0656968	3.88102
		}
		Visibility 1
	}
	Frame 188 {
		TM {
			0.998429	-3.88802e-007	0.0560391
			-0.0559299	0.0623895	0.996484
			0.00349663	0.998052	-0.0622914
			-0.853631	0.0656968	3.84475
		}
		Visibility 1
	}
	Frame 189 {
		TM {
			0.998151	-3.88694e-007	0.0607867
			-0.0606474	0.0676736	0.995863
			0.00411405	0.997707	-0.0675485
			-0.85366	0.0656968	3.80878
		}
		Visibility 1
	}
	Frame 190 {
		TM {
			0.998043	-3.88652e-007	0.0625355
			-0.0623838	0.06962	0.995621
			0.00435411	0.997574	-0.0694837
			-0.853671	0.0656968	3.77431
		}
		Visibility 1
	}
	Frame 191 {
		TM {
			0.998226	8.71937e-005	0.059536
			-0.059413	0.0657161	0.996068
			0.00382562	0.997838	-0.0656047
			-0.85366	0.0656968	3.73851
		}
		Visibility 1
	}
	Frame 192 {
		TM {
			0.998679	0.000324861	0.0513918
			-0.0513316	0.0551175	0.99716
			0.00250865	0.99848	-0.0550613
			-0.853631	0.0656968	3.69854
		}
		Visibility 1
	}
	Frame 193 {
		TM {
			0.999224	0.00067548	0.0393838
			-0.0393797	0.0394945	0.998443
			0.000881014	0.99922	-0.0394905
			-0.853588	0.0656968	3.65562
		}
		Visibility 1
	}
	Frame 194 {
		TM {
			0.999692	0.00110148	0.0247951
			-0.0248124	0.0205225	0.999481
			-0.000592053	0.999789	-0.0205435
			-0.853536	0.0656968	3.61098
		}
		Visibility 1
	}
	Frame 195 {
		TM {
			0.999959	0.00156524	0.00891322
			-0.00891304	-0.000117469	0.99996
			-0.00156623	0.999999	0.000103513
			-0.853479	0.0656968	3.56585
		}
		Visibility 1
	}
	Frame 196 {
		TM {
			0.999974	0.00202874	-0.00697088
			0.00701147	-0.0207428	0.99976
			-0.00188366	0.999783	0.0207564
			-0.853423	0.0656968	3.52143
		}
		Visibility 1
	}
	Frame 197 {
		TM {
			0.999764	0.00245403	-0.0215656
			0.021646	-0.0396751	0.998978
			-0.00159591	0.99921	0.0397189
			-0.85337	0.0656968	3.47897
		}
		Visibility 1
	}
	Frame 198 {
		TM {
			0.999432	0.00280373	-0.0335815
			0.0336852	-0.0552467	0.997904
			-0.00094259	0.998469	0.0553098
			-0.853328	0.0656968	3.43967
		}
		Visibility 1
	}
	Frame 199 {
		TM {
			0.999124	0.00304061	-0.0417325
			0.0418421	-0.0658009	0.996955
			-0.000285311	0.997828	0.0658705
			-0.853298	0.0656968	3.40478
		}
		Visibility 1
	}
	Frame 200 {
		TM {
			0.998994	0.00312786	-0.0447348
			0.044844	-0.0696866	0.99656
			3.13013e-007	0.997564	0.0697567
			-0.853288	0.0656968	3.3755
		}
		Visibility 1
	}
	Frame 201 {
		TM {
			0.999006	0.00286161	-0.0444736
			0.044565	-0.0692385	0.996604
			0.000227393	0.997596	0.0692972
			-0.853288	0.0656968	3.35161
		}
		Visibility 1
	}
	Frame 202 {
		TM {
			0.999039	0.00214808	-0.0437737
			0.0438184	-0.0680367	0.99672
			0.00083718	0.99768	0.0680655
			-0.853288	0.0656968	3.33181
		}
		Visibility 1
	}
	Frame 203 {
		TM {
			0.999085	0.00111487	-0.0427603
			0.0427401	-0.0662949	0.996884
			0.0017234	0.997799	0.0662818
			-0.853288	0.0656968	3.31578
		}
		Visibility 1
	}
	Frame 204 {
		TM {
			0.999136	-0.000110205	-0.0415588
			0.0414659	-0.0642267	0.997073
			0.00277907	0.997935	0.0641667
			-0.853288	0.0656968	3.30316
		}
		Visibility 1
	}
	Frame 205 {
		TM {
			0.999187	-0.00139948	-0.0402946
			0.0401302	-0.062047	0.997266
			0.00389581	0.998072	0.0619404
			-0.853288	0.0656968	3.2936
		}
		Visibility 1
	}
	Frame 206 {
		TM {
			0.999232	-0.0026248	-0.039093
			0.0388654	-0.059972	0.997443
			0.00496257	0.998197	0.059824
			-0.853288	0.0656968	3.28677
		}
		Visibility 1
	}
	Frame 207 {
		TM {
			0.999268	-0.0036584	-0.0380794
			0.0378022	-0.0582193	0.997588
			0.00586654	0.998297	0.0580384
			-0.853288	0.0656968	3.28232
		}
		Visibility 1
	}
	Frame 208 {
		TM {
			0.999292	-0.0043723	-0.0373793
			0.0370697	-0.0570074	0.997685
			0.00649307	0.998364	0.0568049
			-0.853288	0.0656968	3.2799
		}
		Visibility 1
	}
	Frame 209 {
		TM {
			0.9993	-0.00463871	-0.037118
			0.0367968	-0.0565548	0.997721
			0.00672734	0.998389	0.0563446
			-0.853288	0.0656968	3.27917
		}
		Visibility 1
	}
	Frame 210 {
		TM {
			0.9993	-0.00463871	-0.037118
			0.0367968	-0.0565548	0.997721
			0.00672734	0.998389	0.0563446
			-0.853288	0.0656968	3.27917
		}
		Visibility 1
	}
-= Animation: break, Node engine =-
	Frame 215 {
		TM {
			1	2.74843e-009	-2.64946e-010
			4.88874e-010	1	-7.14496e-010
			1.03434e-010	-7.00758e-010	1
			-15.6349	9.07155	-0.0230045
		}
		Visibility 1
	}
	Frame 216 {
		TM {
			1	2.74843e-009	-2.64946e-010
			4.88874e-010	1	-7.14496e-010
			1.03434e-010	-7.00758e-010	1
			-15.6349	9.07155	-0.0230045
		}
		Visibility 1
	}
	Frame 217 {
		TM {
			1	2.74843e-009	-2.64946e-010
			4.88874e-010	1	-7.14496e-010
			1.03434e-010	-7.00758e-010	1
			-15.6349	9.07155	-0.0230045
		}
		Visibility 1
	}
	Frame 218 {
		TM {
			1	2.74843e-009	-2.64946e-010
			4.88874e-010	1	-7.14496e-010
			1.03434e-010	-7.00758e-010	1
			-15.6349	9.07155	-0.0230045
		}
		Visibility 1
	}
	Frame 219 {
		TM {
			1	2.74843e-009	-2.64946e-010
			4.88874e-010	1	-7.14496e-010
			1.03434e-010	-7.00758e-010	1
			-15.6349	9.07155	-0.0230045
		}
		Visibility 1
	}
	Frame 220 {
		TM {
			1	2.74843e-009	-2.64946e-010
			4.88874e-010	1	-7.14496e-010
			1.03434e-010	-7.00758e-010	1
			-15.6349	9.07155	-0.0230045
		}
		Visibility 1
	}
	Frame 221 {
		TM {
			1	2.74843e-009	-2.64946e-010
			4.88874e-010	1	-7.14496e-010
			1.03434e-010	-7.00758e-010	1
			-15.6349	9.07155	-0.0230045
		}
		Visibility 1
	}
	Frame 222 {
		TM {
			1	2.74843e-009	-2.64946e-010
			4.88874e-010	1	-7.14496e-010
			1.03434e-010	-7.00758e-010	1
			-15.6349	9.07155	-0.0230045
		}
		Visibility 1
	}
	Frame 223 {
		TM {
			1	2.74843e-009	-2.64946e-010
			4.88874e-010	1	-7.14496e-010
			1.03434e-010	-7.00758e-010	1
			-15.6349	9.07155	-0.0230045
		}
		Visibility 1
	}
	Frame 224 {
		TM {
			1	2.74843e-009	-2.64946e-010
			4.88874e-010	1	-7.14496e-010
			1.03434e-010	-7.00758e-010	1
			-15.6349	9.07155	-0.0230045
		}
		Visibility 1
	}
	Frame 225 {
		TM {
			1	2.74843e-009	-2.64946e-010
			4.88874e-010	1	-7.14496e-010
			1.03434e-010	-7.00758e-010	1
			-15.6349	9.07155	-0.0230045
		}
		Visibility 1
	}
	Frame 226 {
		TM {
			1	2.74843e-009	-2.64946e-010
			4.88874e-010	1	-7.14496e-010
			1.03434e-010	-7.00758e-010	1
			-15.6349	9.07155	-0.0230045
		}
		Visibility 1
	}
	Frame 227 {
		TM {
			1	2.74843e-009	-2.64946e-010
			4.88874e-010	1	-7.14496e-010
			1.03434e-010	-7.00758e-010	1
			-15.6349	9.07155	-0.0230045
		}
		Visibility 1
	}
	Frame 228 {
		TM {
			1	2.74843e-009	-2.64946e-010
			4.88874e-010	1	-7.14496e-010
			1.03434e-010	-7.00758e-010	1
			-15.6349	9.07155	-0.0230045
		}
		Visibility 1
	}
	Frame 229 {
		TM {
			1	2.74843e-009	-2.64946e-010
			4.88874e-010	1	-7.14496e-010
			1.03434e-010	-7.00758e-010	1
			-15.6349	9.07155	-0.0230045
		}
		Visibility 1
	}
	Frame 230 {
		TM {
			1	2.74843e-009	-2.64946e-010
			4.88874e-010	1	-7.14496e-010
			1.03434e-010	-7.00758e-010	1
			-15.6349	9.07155	-0.0230045
		}
		Visibility 1
	}
	Frame 231 {
		TM {
			1	2.74843e-009	-2.64946e-010
			4.88874e-010	1	-7.14496e-010
			1.03434e-010	-7.00758e-010	1
			-15.6349	9.07155	-0.0230045
		}
		Visibility 1
	}
	Frame 232 {
		TM {
			1	2.74843e-009	-2.64946e-010
			4.88874e-010	1	-7.14496e-010
			1.03434e-010	-7.00758e-010	1
			-15.6349	9.07155	-0.0230045
		}
		Visibility 1
	}
	Frame 233 {
		TM {
			1	2.74843e-009	-2.64946e-010
			4.88874e-010	1	-7.14496e-010
			1.03434e-010	-7.00758e-010	1
			-15.6349	9.07155	-0.0230045
		}
		Visibility 1
	}
	Frame 234 {
		TM {
			1	2.74843e-009	-2.64946e-010
			4.88874e-010	1	-7.14496e-010
			1.03434e-010	-7.00758e-010	1
			-15.6349	9.07155	-0.0230045
		}
		Visibility 1
	}
	Frame 235 {
		TM {
			1	2.74843e-009	-2.64946e-010
			4.88874e-010	1	-7.14496e-010
			1.03434e-010	-7.00758e-010	1
			-15.6349	9.07155	-0.0230045
		}
		Visibility 1
	}
	Frame 236 {
		TM {
			1	2.74843e-009	-2.64946e-010
			4.88874e-010	1	-7.14496e-010
			1.03434e-010	-7.00758e-010	1
			-15.6349	9.07155	-0.0230045
		}
		Visibility 1
	}
	Frame 237 {
		TM {
			1	2.74843e-009	-2.64946e-010
			4.88874e-010	1	-7.14496e-010
			1.03434e-010	-7.00758e-010	1
			-15.6349	9.07155	-0.0230045
		}
		Visibility 1
	}
	Frame 238 {
		TM {
			1	2.74843e-009	-2.64946e-010
			4.88874e-010	1	-7.14496e-010
			1.03434e-010	-7.00758e-010	1
			-15.6349	9.07155	-0.0230045
		}
		Visibility 1
	}
	Frame 239 {
		TM {
			1	2.74843e-009	-2.64946e-010
			4.88874e-010	1	-7.14496e-010
			1.03434e-010	-7.00758e-010	1
			-15.6349	9.07155	-0.0230045
		}
		Visibility 1
	}
	Frame 240 {
		TM {
			1	2.74843e-009	-2.64946e-010
			4.88874e-010	1	-7.14496e-010
			1.03434e-010	-7.00758e-010	1
			-15.6349	9.07155	-0.0230045
		}
		Visibility 1
	}
	Frame 241 {
		TM {
			1	2.74843e-009	-2.64946e-010
			4.88874e-010	1	-7.14496e-010
			1.03434e-010	-7.00758e-010	1
			-15.6349	9.07155	-0.0230045
		}
		Visibility 1
	}
	Frame 242 {
		TM {
			1	2.74843e-009	-2.64946e-010
			4.88874e-010	1	-7.14496e-010
			1.03434e-010	-7.00758e-010	1
			-15.6349	9.07155	-0.0230045
		}
		Visibility 1
	}
	Frame 243 {
		TM {
			1	2.74843e-009	-2.64946e-010
			4.88874e-010	1	-7.14496e-010
			1.03434e-010	-7.00758e-010	1
			-15.6349	9.07155	-0.0230045
		}
		Visibility 1
	}
	Frame 244 {
		TM {
			1	2.74843e-009	-2.64946e-010
			4.88874e-010	1	-7.14496e-010
			1.03434e-010	-7.00758e-010	1
			-15.6349	9.07155	-0.0230045
		}
		Visibility 1
	}
	Frame 245 {
		TM {
			1	2.74843e-009	-2.64946e-010
			4.88874e-010	1	-7.14496e-010
			1.03434e-010	-7.00758e-010	1
			-15.6349	9.07155	-0.0230045
		}
		Visibility 1
	}
	Frame 246 {
		TM {
			1	2.74843e-009	-2.64946e-010
			4.88874e-010	1	-7.14496e-010
			1.03434e-010	-7.00758e-010	1
			-15.6349	9.07155	-0.0230045
		}
		Visibility 1
	}
	Frame 247 {
		TM {
			1	2.74843e-009	-2.64946e-010
			4.88874e-010	1	-7.14496e-010
			1.03434e-010	-7.00758e-010	1
			-15.6349	9.07155	-0.0230045
		}
		Visibility 1
	}
	Frame 248 {
		TM {
			1	2.74843e-009	-2.64946e-010
			4.88874e-010	1	-7.14496e-010
			1.03434e-010	-7.00758e-010	1
			-15.6349	9.07155	-0.0230045
		}
		Visibility 1
	}
	Frame 249 {
		TM {
			1	2.74843e-009	-2.64946e-010
			4.88874e-010	1	-7.14496e-010
			1.03434e-010	-7.00758e-010	1
			-15.6349	9.07155	-0.0230045
		}
		Visibility 1
	}
	Frame 250 {
		TM {
			1	2.74843e-009	-2.64946e-010
			4.88874e-010	1	-7.14496e-010
			1.03434e-010	-7.00758e-010	1
			-15.6349	9.07155	-0.0230045
		}
		Visibility 1
	}
	Frame 251 {
		TM {
			1	2.74843e-009	-2.64946e-010
			4.88874e-010	1	-7.14496e-010
			1.03434e-010	-7.00758e-010	1
			-15.6349	9.07155	-0.0230045
		}
		Visibility 1
	}
	Frame 252 {
		TM {
			1	2.74843e-009	-2.64946e-010
			4.88874e-010	1	-7.14496e-010
			1.03434e-010	-7.00758e-010	1
			-15.6349	9.07155	-0.0230045
		}
		Visibility 1
	}
	Frame 253 {
		TM {
			1	2.74843e-009	-2.64946e-010
			4.88874e-010	1	-7.14496e-010
			1.03434e-010	-7.00758e-010	1
			-15.6349	9.07155	-0.0230045
		}
		Visibility 1
	}
	Frame 254 {
		TM {
			1	2.74843e-009	-2.64946e-010
			4.88874e-010	1	-7.14496e-010
			1.03434e-010	-7.00758e-010	1
			-15.6349	9.07155	-0.0230045
		}
		Visibility 1
	}
	Frame 255 {
		TM {
			1	2.74843e-009	-2.64946e-010
			4.88874e-010	1	-7.14496e-010
			1.03434e-010	-7.00758e-010	1
			-15.6349	9.07155	-0.0230045
		}
		Visibility 1
	}
-= Animation: break, Node trackL =-
	Frame 80 {
		TM {
			1	0	0
			0	-4.37114e-008	1
			0	-1	-4.37114e-008
			-1.87874	0	1.20431
		}
		Visibility 1
	}
	Frame 81 {
		TM {
			1	0	0
			0	-4.37114e-008	1
			0	-1	-4.37114e-008
			-1.87874	0	1.20431
		}
		Visibility 1
	}
	Frame 82 {
		TM {
			1	0	0
			0	-4.37114e-008	1
			0	-1	-4.37114e-008
			-1.87874	0	1.20431
		}
		Visibility 1
	}
	Frame 83 {
		TM {
			1	0	0
			0	-4.37114e-008	1
			0	-1	-4.37114e-008
			-1.87874	0	1.20431
		}
		Visibility 1
	}
	Frame 84 {
		TM {
			1	0	0
			0	-4.37114e-008	1
			0	-1	-4.37114e-008
			-1.87874	0	1.20431
		}
		Visibility 1
	}
	Frame 85 {
		TM {
			1	0	0
			0	-4.37114e-008	1
			0	-1	-4.37114e-008
			-1.87874	0	1.20431
		}
		Visibility 1
	}
	Frame 86 {
		TM {
			1	0	0
			0	-4.37114e-008	1
			0	-1	-4.37114e-008
			-1.87874	0	1.20431
		}
		Visibility 1
	}
	Frame 87 {
		TM {
			1	0	0
			0	-4.37114e-008	1
			0	-1	-4.37114e-008
			-1.87874	0	1.20431
		}
		Visibility 1
	}
	Frame 88 {
		TM {
			1	0	0
			0	-4.37114e-008	1
			0	-1	-4.37114e-008
			-1.87874	0	1.20431
		}
		Visibility 1
	}
	Frame 89 {
		TM {
			1	0	0
			0	-4.37114e-008	1
			0	-1	-4.37114e-008
			-1.87874	0	1.20431
		}
		Visibility 1
	}
	Frame 90 {
		TM {
			1	0	0
			0	-4.37114e-008	1
			0	-1	-4.37114e-008
			-1.87874	0	1.20431
		}
		Visibility 1
	}
	Frame 91 {
		TM {
			1	0	0
			0	-4.37114e-008	1
			0	-1	-4.37114e-008
			-1.87874	0	1.20431
		}
		Visibility 1
	}
	Frame 92 {
		TM {
			1	0	0
			0	-4.37114e-008	1
			0	-1	-4.37114e-008
			-1.87874	0	1.20431
		}
		Visibility 1
	}
	Frame 93 {
		TM {
			1	0	0
			0	-4.37114e-008	1
			0	-1	-4.37114e-008
			-1.87874	0	1.20431
		}
		Visibility 1
	}
	Frame 94 {
		TM {
			1	0	0
			0	-4.37114e-008	1
			0	-1	-4.37114e-008
			-1.87874	0	1.20431
		}
		Visibility 1
	}
	Frame 95 {
		TM {
			1	0	0
			0	-4.37114e-008	1
			0	-1	-4.37114e-008
			-1.87874	0	1.20431
		}
		Visibility 1
	}
	Frame 96 {
		TM {
			1	0	0
			0	-4.37114e-008	1
			0	-1	-4.37114e-008
			-1.87874	0	1.20431
		}
		Visibility 1
	}
	Frame 97 {
		TM {
			1	0	0
			0	-4.37114e-008	1
			0	-1	-4.37114e-008
			-1.87874	0	1.20431
		}
		Visibility 1
	}
	Frame 98 {
		TM {
			1	0	0
			0	-4.37114e-008	1
			0	-1	-4.37114e-008
			-1.87874	0	1.20431
		}
		Visibility 1
	}
	Frame 99 {
		TM {
			1	0	0
			0	-4.37114e-008	1
			0	-1	-4.37114e-008
			-1.87874	0	1.20431
		}
		Visibility 1
	}
	Frame 100 {
		TM {
			1	0	0
			0	-4.37114e-008	1
			0	-1	-4.37114e-008
			-1.87874	0	1.20431
		}
		Visibility 1
	}
	Frame 101 {
		TM {
			1	0	0
			0	-4.37114e-008	1
			0	-1	-4.37114e-008
			-1.87874	0	1.20431
		}
		Visibility 1
	}
	Frame 102 {
		TM {
			1	0	0
			0	-4.37114e-008	1
			0	-1	-4.37114e-008
			-1.87874	0	1.20431
		}
		Visibility 1
	}
	Frame 103 {
		TM {
			1	0	0
			0	-4.37114e-008	1
			0	-1	-4.37114e-008
			-1.87874	0	1.20431
		}
		Visibility 1
	}
	Frame 104 {
		TM {
			1	0	0
			0	-4.37114e-008	1
			0	-1	-4.37114e-008
			-1.87874	0	1.20431
		}
		Visibility 1
	}
	Frame 105 {
		TM {
			1	0	0
			0	-4.37114e-008	1
			0	-1	-4.37114e-008
			-1.87874	0	1.20431
		}
		Visibility 1
	}
	Frame 106 {
		TM {
			1	0	0
			0	-4.37114e-008	1
			0	-1	-4.37114e-008
			-1.87874	0	1.20431
		}
		Visibility 1
	}
	Frame 107 {
		TM {
			1	0	0
			0	-4.37114e-008	1
			0	-1	-4.37114e-008
			-1.87874	0	1.20431
		}
		Visibility 1
	}
	Frame 108 {
		TM {
			1	0	0
			0	-4.37114e-008	1
			0	-1	-4.37114e-008
			-1.87874	0	1.20431
		}
		Visibility 1
	}
	Frame 109 {
		TM {
			1	0	0
			0	-4.37114e-008	1
			0	-1	-4.37114e-008
			-1.87874	0	1.20431
		}
		Visibility 1
	}
	Frame 110 {
		TM {
			1	0	0
			0	-4.37114e-008	1
			0	-1	-4.37114e-008
			-1.87874	0	1.20431
		}
		Visibility 1
	}
	Frame 111 {
		TM {
			1	0	0
			0	-4.37114e-008	1
			0	-1	-4.37114e-008
			-1.87874	0	1.20431
		}
		Visibility 1
	}
	Frame 112 {
		TM {
			1	0	0
			0	-4.37114e-008	1
			0	-1	-4.37114e-008
			-1.87874	0	1.20431
		}
		Visibility 1
	}
	Frame 113 {
		TM {
			1	0	0
			0	-4.37114e-008	1
			0	-1	-4.37114e-008
			-1.87874	0	1.20431
		}
		Visibility 1
	}
	Frame 114 {
		TM {
			1	0	0
			0	-4.37114e-008	1
			0	-1	-4.37114e-008
			-1.87874	0	1.20431
		}
		Visibility 1
	}
	Frame 115 {
		TM {
			1	0	0
			0	-4.37114e-008	1
			0	-1	-4.37114e-008
			-1.87874	0	1.20431
		}
		Visibility 1
	}
	Frame 116 {
		TM {
			1	0	0
			0	-4.37114e-008	1
			0	-1	-4.37114e-008
			-1.87874	0	1.20431
		}
		Visibility 1
	}
	Frame 117 {
		TM {
			1	0	0
			0	-4.37114e-008	1
			0	-1	-4.37114e-008
			-1.87874	0	1.20431
		}
		Visibility 1
	}
	Frame 118 {
		TM {
			1	0	0
			0	-4.37114e-008	1
			0	-1	-4.37114e-008
			-1.87874	0	1.20431
		}
		Visibility 1
	}
	Frame 119 {
		TM {
			1	0	0
			0	-4.37114e-008	1
			0	-1	-4.37114e-008
			-1.87874	0	1.20431
		}
		Visibility 1
	}
	Frame 120 {
		TM {
			1	0	0
			0	-4.37114e-008	1
			0	-1	-4.37114e-008
			-1.87874	0	1.20431
		}
		Visibility 1
	}
-= Animation: break, Node trackR =-
	Frame 0 {
		TM {
			1	0	0
			0	-4.37114e-008	1
			0	-1	-4.37114e-008
			-1.87874	0	1.20431
		}
		Visibility 1
	}
	Frame 1 {
		TM {
			1	0	0
			0	-4.37114e-008	1
			0	-1	-4.37114e-008
			-1.87874	0	1.20431
		}
		Visibility 1
	}
	Frame 2 {
		TM {
			1	0	0
			0	-4.37114e-008	1
			0	-1	-4.37114e-008
			-1.87874	0	1.20431
		}
		Visibility 1
	}
	Frame 3 {
		TM {
			1	0	0
			0	-4.37114e-008	1
			0	-1	-4.37114e-008
			-1.87874	0	1.20431
		}
		Visibility 1
	}
	Frame 4 {
		TM {
			1	0	0
			0	-4.37114e-008	1
			0	-1	-4.37114e-008
			-1.87874	0	1.20431
		}
		Visibility 1
	}
	Frame 5 {
		TM {
			1	0	0
			0	-4.37114e-008	1
			0	-1	-4.37114e-008
			-1.87874	0	1.20431
		}
		Visibility 1
	}
	Frame 6 {
		TM {
			1	0	0
			0	-4.37114e-008	1
			0	-1	-4.37114e-008
			-1.87874	0	1.20431
		}
		Visibility 1
	}
	Frame 7 {
		TM {
			1	0	0
			0	-4.37114e-008	1
			0	-1	-4.37114e-008
			-1.87874	0	1.20431
		}
		Visibility 1
	}
	Frame 8 {
		TM {
			1	0	0
			0	-4.37114e-008	1
			0	-1	-4.37114e-008
			-1.87874	0	1.20431
		}
		Visibility 1
	}
	Frame 9 {
		TM {
			1	0	0
			0	-4.37114e-008	1
			0	-1	-4.37114e-008
			-1.87874	0	1.20431
		}
		Visibility 1
	}
	Frame 10 {
		TM {
			1	0	0
			0	-4.37114e-008	1
			0	-1	-4.37114e-008
			-1.87874	0	1.20431
		}
		Visibility 1
	}
	Frame 11 {
		TM {
			1	0	0
			0	-4.37114e-008	1
			0	-1	-4.37114e-008
			-1.87874	0	1.20431
		}
		Visibility 1
	}
	Frame 12 {
		TM {
			1	0	0
			0	-4.37114e-008	1
			0	-1	-4.37114e-008
			-1.87874	0	1.20431
		}
		Visibility 1
	}
	Frame 13 {
		TM {
			1	0	0
			0	-4.37114e-008	1
			0	-1	-4.37114e-008
			-1.87874	0	1.20431
		}
		Visibility 1
	}
	Frame 14 {
		TM {
			1	0	0
			0	-4.37114e-008	1
			0	-1	-4.37114e-008
			-1.87874	0	1.20431
		}
		Visibility 1
	}
	Frame 15 {
		TM {
			1	0	0
			0	-4.37114e-008	1
			0	-1	-4.37114e-008
			-1.87874	0	1.20431
		}
		Visibility 1
	}
	Frame 16 {
		TM {
			1	0	0
			0	-4.37114e-008	1
			0	-1	-4.37114e-008
			-1.87874	0	1.20431
		}
		Visibility 1
	}
	Frame 17 {
		TM {
			1	0	0
			0	-4.37114e-008	1
			0	-1	-4.37114e-008
			-1.87874	0	1.20431
		}
		Visibility 1
	}
	Frame 18 {
		TM {
			1	0	0
			0	-4.37114e-008	1
			0	-1	-4.37114e-008
			-1.87874	0	1.20431
		}
		Visibility 1
	}
	Frame 19 {
		TM {
			1	0	0
			0	-4.37114e-008	1
			0	-1	-4.37114e-008
			-1.87874	0	1.20431
		}
		Visibility 1
	}
	Frame 20 {
		TM {
			1	0	0
			0	-4.37114e-008	1
			0	-1	-4.37114e-008
			-1.87874	0	1.20431
		}
		Visibility 1
	}
	Frame 21 {
		TM {
			1	0	0
			0	-4.37114e-008	1
			0	-1	-4.37114e-008
			-1.87874	0	1.20431
		}
		Visibility 1
	}
	Frame 22 {
		TM {
			1	0	0
			0	-4.37114e-008	1
			0	-1	-4.37114e-008
			-1.87874	0	1.20431
		}
		Visibility 1
	}
	Frame 23 {
		TM {
			1	0	0
			0	-4.37114e-008	1
			0	-1	-4.37114e-008
			-1.87874	0	1.20431
		}
		Visibility 1
	}
	Frame 24 {
		TM {
			1	0	0
			0	-4.37114e-008	1
			0	-1	-4.37114e-008
			-1.87874	0	1.20431
		}
		Visibility 1
	}
	Frame 25 {
		TM {
			1	0	0
			0	-4.37114e-008	1
			0	-1	-4.37114e-008
			-1.87874	0	1.20431
		}
		Visibility 1
	}
	Frame 26 {
		TM {
			1	0	0
			0	-4.37114e-008	1
			0	-1	-4.37114e-008
			-1.87874	0	1.20431
		}
		Visibility 1
	}
	Frame 27 {
		TM {
			1	0	0
			0	-4.37114e-008	1
			0	-1	-4.37114e-008
			-1.87874	0	1.20431
		}
		Visibility 1
	}
	Frame 28 {
		TM {
			1	0	0
			0	-4.37114e-008	1
			0	-1	-4.37114e-008
			-1.87874	0	1.20431
		}
		Visibility 1
	}
	Frame 29 {
		TM {
			1	0	0
			0	-4.37114e-008	1
			0	-1	-4.37114e-008
			-1.87874	0	1.20431
		}
		Visibility 1
	}
	Frame 30 {
		TM {
			1	0	0
			0	-4.37114e-008	1
			0	-1	-4.37114e-008
			-1.87874	0	1.20431
		}
		Visibility 1
	}
	Frame 31 {
		TM {
			1	0	0
			0	-4.37114e-008	1
			0	-1	-4.37114e-008
			-1.87874	0	1.20431
		}
		Visibility 1
	}
	Frame 32 {
		TM {
			1	0	0
			0	-4.37114e-008	1
			0	-1	-4.37114e-008
			-1.87874	0	1.20431
		}
		Visibility 1
	}
	Frame 33 {
		TM {
			1	0	0
			0	-4.37114e-008	1
			0	-1	-4.37114e-008
			-1.87874	0	1.20431
		}
		Visibility 1
	}
	Frame 34 {
		TM {
			1	0	0
			0	-4.37114e-008	1
			0	-1	-4.37114e-008
			-1.87874	0	1.20431
		}
		Visibility 1
	}
	Frame 35 {
		TM {
			1	0	0
			0	-4.37114e-008	1
			0	-1	-4.37114e-008
			-1.87874	0	1.20431
		}
		Visibility 1
	}
	Frame 36 {
		TM {
			1	0	0
			0	-4.37114e-008	1
			0	-1	-4.37114e-008
			-1.87874	0	1.20431
		}
		Visibility 1
	}
	Frame 37 {
		TM {
			1	0	0
			0	-4.37114e-008	1
			0	-1	-4.37114e-008
			-1.87874	0	1.20431
		}
		Visibility 1
	}
	Frame 38 {
		TM {
			1	0	0
			0	-4.37114e-008	1
			0	-1	-4.37114e-008
			-1.87874	0	1.20431
		}
		Visibility 1
	}
	Frame 39 {
		TM {
			1	0	0
			0	-4.37114e-008	1
			0	-1	-4.37114e-008
			-1.87874	0	1.20431
		}
		Visibility 1
	}
	Frame 40 {
		TM {
			1	0	0
			0	-4.37114e-008	1
			0	-1	-4.37114e-008
			-1.87874	0	1.20431
		}
		Visibility 1
	}
	Frame 41 {
		TM {
			1	0	0
			0	-4.37114e-008	1
			0	-1	-4.37114e-008
			-1.87874	0	1.20431
		}
		Visibility 1
	}
	Frame 42 {
		TM {
			1	0	0
			0	-4.37114e-008	1
			0	-1	-4.37114e-008
			-1.87874	0	1.20431
		}
		Visibility 1
	}
	Frame 43 {
		TM {
			1	0	0
			0	-4.37114e-008	1
			0	-1	-4.37114e-008
			-1.87874	0	1.20431
		}
		Visibility 1
	}
	Frame 44 {
		TM {
			1	0	0
			0	-4.37114e-008	1
			0	-1	-4.37114e-008
			-1.87874	0	1.20431
		}
		Visibility 1
	}
	Frame 45 {
		TM {
			1	0	0
			0	-4.37114e-008	1
			0	-1	-4.37114e-008
			-1.87874	0	1.20431
		}
		Visibility 1
	}
	Frame 46 {
		TM {
			1	0	0
			0	-4.37114e-008	1
			0	-1	-4.37114e-008
			-1.87874	0	1.20431
		}
		Visibility 1
	}
	Frame 47 {
		TM {
			1	0	0
			0	-4.37114e-008	1
			0	-1	-4.37114e-008
			-1.87874	0	1.20431
		}
		Visibility 1
	}
	Frame 48 {
		TM {
			1	0	0
			0	-4.37114e-008	1
			0	-1	-4.37114e-008
			-1.87874	0	1.20431
		}
		Visibility 1
	}
	Frame 49 {
		TM {
			1	0	0
			0	-4.37114e-008	1
			0	-1	-4.37114e-008
			-1.87874	0	1.20431
		}
		Visibility 1
	}
	Frame 50 {
		TM {
			1	0	0
			0	-4.37114e-008	1
			0	-1	-4.37114e-008
			-1.87874	0	1.20431
		}
		Visibility 1
	}
	Frame 51 {
		TM {
			1	0	0
			0	-4.37114e-008	1
			0	-1	-4.37114e-008
			-1.87874	0	1.20431
		}
		Visibility 1
	}
	Frame 52 {
		TM {
			1	0	0
			0	-4.37114e-008	1
			0	-1	-4.37114e-008
			-1.87874	0	1.20431
		}
		Visibility 1
	}
	Frame 53 {
		TM {
			1	0	0
			0	-4.37114e-008	1
			0	-1	-4.37114e-008
			-1.87874	0	1.20431
		}
		Visibility 1
	}
	Frame 54 {
		TM {
			1	0	0
			0	-4.37114e-008	1
			0	-1	-4.37114e-008
			-1.87874	0	1.20431
		}
		Visibility 1
	}
	Frame 55 {
		TM {
			1	0	0
			0	-4.37114e-008	1
			0	-1	-4.37114e-008
			-1.87874	0	1.20431
		}
		Visibility 1
	}
	Frame 56 {
		TM {
			1	0	0
			0	-4.37114e-008	1
			0	-1	-4.37114e-008
			-1.87874	0	1.20431
		}
		Visibility 1
	}
	Frame 57 {
		TM {
			1	0	0
			0	-4.37114e-008	1
			0	-1	-4.37114e-008
			-1.87874	0	1.20431
		}
		Visibility 1
	}
	Frame 58 {
		TM {
			1	0	0
			0	-4.37114e-008	1
			0	-1	-4.37114e-008
			-1.87874	0	1.20431
		}
		Visibility 1
	}
	Frame 59 {
		TM {
			1	0	0
			0	-4.37114e-008	1
			0	-1	-4.37114e-008
			-1.87874	0	1.20431
		}
		Visibility 1
	}
	Frame 60 {
		TM {
			1	0	0
			0	-4.37114e-008	1
			0	-1	-4.37114e-008
			-1.87874	0	1.20431
		}
		Visibility 1
	}
	Frame 61 {
		TM {
			1	0	0
			0	-4.37114e-008	1
			0	-1	-4.37114e-008
			-1.87874	0	1.20431
		}
		Visibility 1
	}
	Frame 62 {
		TM {
			1	0	0
			0	-4.37114e-008	1
			0	-1	-4.37114e-008
			-1.87874	0	1.20431
		}
		Visibility 1
	}
	Frame 63 {
		TM {
			1	0	0
			0	-4.37114e-008	1
			0	-1	-4.37114e-008
			-1.87874	0	1.20431
		}
		Visibility 1
	}
	Frame 64 {
		TM {
			1	0	0
			0	-4.37114e-008	1
			0	-1	-4.37114e-008
			-1.87874	0	1.20431
		}
		Visibility 1
	}
	Frame 65 {
		TM {
			1	0	0
			0	-4.37114e-008	1
			0	-1	-4.37114e-008
			-1.87874	0	1.20431
		}
		Visibility 1
	}
	Frame 66 {
		TM {
			1	0	0
			0	-4.37114e-008	1
			0	-1	-4.37114e-008
			-1.87874	0	1.20431
		}
		Visibility 1
	}
	Frame 67 {
		TM {
			1	0	0
			0	-4.37114e-008	1
			0	-1	-4.37114e-008
			-1.87874	0	1.20431
		}
		Visibility 1
	}
	Frame 68 {
		TM {
			1	0	0
			0	-4.37114e-008	1
			0	-1	-4.37114e-008
			-1.87874	0	1.20431
		}
		Visibility 1
	}
	Frame 69 {
		TM {
			1	0	0
			0	-4.37114e-008	1
			0	-1	-4.37114e-008
			-1.87874	0	1.20431
		}
		Visibility 1
	}
	Frame 70 {
		TM {
			1	0	0
			0	-4.37114e-008	1
			0	-1	-4.37114e-008
			-1.87874	0	1.20431
		}
		Visibility 1
	}
	Frame 71 {
		TM {
			1	0	0
			0	-4.37114e-008	1
			0	-1	-4.37114e-008
			-1.87874	0	1.20431
		}
		Visibility 1
	}
	Frame 72 {
		TM {
			1	0	0
			0	-4.37114e-008	1
			0	-1	-4.37114e-008
			-1.87874	0	1.20431
		}
		Visibility 1
	}
	Frame 73 {
		TM {
			1	0	0
			0	-4.37114e-008	1
			0	-1	-4.37114e-008
			-1.87874	0	1.20431
		}
		Visibility 1
	}
	Frame 74 {
		TM {
			1	0	0
			0	-4.37114e-008	1
			0	-1	-4.37114e-008
			-1.87874	0	1.20431
		}
		Visibility 1
	}
	Frame 75 {
		TM {
			1	0	0
			0	-4.37114e-008	1
			0	-1	-4.37114e-008
			-1.87874	0	1.20431
		}
		Visibility 1
	}
