;Exported by: garry
;Date:        Wed Apr 06 19:05:40 2005
;File:        D:\-Projects-\-3DWork-\Model\Танки\T-34-85\sapper_tank\hi-poly\t34m_x.max
{Skeleton
	{bone "basis"
		{parameters "Wheelradius=0.5;"}
		{Orientation
			1	0	0
			0	-1	0
			0	0	1
		}
		{bone "body"
			{parameters "ID=body;"}
			{animation
				{sequence "break" {file "body_b.anm"} {speed 0.8}}
			}
			{Matrix34
				1	-3.89414e-007	1.04308e-007
				-1.04308e-007	-1.62921e-007	1
				3.89414e-007	1	1.62921e-007
				-1.70658	0.131394	8.08332
			}
			{LODView
				{VolumeView "body.ply"}
				{VolumeView "body_lod1.ply"}
			}
			{bone revolute "wheell1"
				{parameters "ID=trackleft;"}
				{Matrix34
					1	-5.05202e-016	-3.98495e-014
					2.46172e-015	-1	-1.50996e-007
					-1.24386e-015	1.50996e-007	-1
					51.8829	4.90552	23.7793
				}
				{VolumeView "wheell1.ply"}
			}
			{bone revolute "wheelr1"
				{parameters "ID=trackright;radius=0.3;"}
				{Matrix34
					1	-5.05202e-016	-3.98495e-014
					2.68722e-015	-1	-2.38498e-008
					-1.45062e-014	2.38498e-008	-1
					51.8829	4.9055	-24.026
				}
				{VolumeView "wheelr1.ply"}
			}
			{bone revolute "wheell7"
				{parameters "ID=trackleft;Radius=0.3;"}
				{Matrix34
					1	8.74228e-008	-9.53674e-007
					8.74228e-008	-1	2.38498e-008
					9.53674e-007	2.38498e-008	1
					-55.6185	4.51765	24.1235
				}
				{VolumeView "wheell7.ply"}
			}
			{bone revolute "wheelr7"
				{parameters "ID=trackright;radius=0.3;"}
				{Matrix34
					1	-5.05202e-016	-3.98495e-014
					6.60025e-015	-1	-3.25841e-007
					-1.14278e-014	3.25841e-007	-1
					-55.6185	4.51765	-24.2333
				}
				{VolumeView "wheelr7.ply"}
			}
			{bone "engine"
				{parameters "CommonMesh;ID=engine;"}
				{animation
					{sequence "break" {file "engine_b.anm"} {speed 0.8}}
				}
				{Position -31.2698	18.1431	-0.0460089}
				{LODView
					{VolumeView "engine.ply"}
					{VolumeView "engine_lod1.ply"}
				}
			}
			{bone revolute "roller_joint"
				{limits -45 30}
				{Matrix34
					0.998684	-0.0507048	-0.00771181
					0.0507065	0.998714	4.77685e-007
					-0.00770187	0.000391512	-0.99997
					53.5501	0.525869	-0.534044
				}
				{VolumeView "roller_joint.ply"}
				{bone "roller"
					{Matrix34
						-0.998858	-0.0463983	0.0114391
						-0.0114591	0.000165806	-0.999934
						0.0463925	-0.998923	-0.000697424
						49.9008	4.32975	-1.0709
					}
				}
				{bone revolute "wheelroller"
					{parameters "Radius=0.5;"}
					{Matrix34
						0.997823	0.065945	-2.63573e-009
						-0.0659446	0.997823	-1.79415e-007
						-1.40108e-008	1.69711e-007	1
						50.2003	4.36997	-0.301432
					}
					{VolumeView "wheelroller.ply"}
				}
			}
			{bone "fxtracel1"
				{Matrix34
					-0.996558	0.0829003	-3.78859e-007
					-3.89579e-007	-1.52487e-007	1
					-0.0829003	-0.996558	-1.84348e-007
					101.344	-6.80452	20.8642
				}
			}
			{bone "fxtracer1"
				{Matrix34
					-0.996558	0.0829002	-3.82176e-007
					-3.9662e-007	-1.52269e-007	1
					-0.0829002	-0.996558	-1.8464e-007
					101.344	-6.80452	-23.1447
				}
			}
			{bone revolute "turret"
				{parameters "ID=turret;"}
				{Matrix34
					1	1.37057e-014	-3.98495e-014
					-1.57501e-014	1.19249e-008	-1
					-1.22544e-014	1	1.19249e-008
					12.1559	22.746	5.21893
				}
				{LODView
					{VolumeView "turret.ply"}
					{VolumeView "turret_lod1.ply"}
				}
				{bone "cover"
					{parameters "ID=turret;"}
					{Position -0.0466807	-7.03716e-006	4.73743}
					{VolumeView "cover.ply"}
				}
			}
		}
		{bone "wheelsl"
			{parameters "ID=trackleft;"}
			{animation
				{sequence "break" {file "trackL_b.anm"} {speed 0.8}}
			}
			{Position -3.64807	24.1302	10.1084}
			{bone revolute "wheell2"
				{parameters "ID=trackleft;"}
				{Matrix34
					1	-3.89414e-007	1.04308e-007
					1.04308e-007	3.13916e-007	-1
					-3.89414e-007	-1	-3.13916e-007
					39.5006	-0.219009	-0.815092
				}
				{LODView
					{VolumeView "wheell2.ply"}
					{VolumeView "wheell2_lod1.ply"}
				}
			}
			{bone revolute "wheell3"
				{parameters "ID=trackleft;"}
				{Matrix34
					1	-3.89414e-007	1.04308e-007
					1.04308e-007	3.13916e-007	-1
					-3.89414e-007	-1	-3.13916e-007
					19.5493	-0.219009	-0.815092
				}
				{LODView
					{VolumeView "wheell3.ply"}
					{VolumeView "wheell3_lod1.ply"}
				}
			}
			{bone revolute "wheell4"
				{parameters "ID=trackleft;"}
				{Matrix34
					1	-3.89414e-007	1.04308e-007
					1.04308e-007	3.13916e-007	-1
					-3.89414e-007	-1	-3.13916e-007
					-1.75621	-0.219006	-0.815092
				}
				{LODView
					{VolumeView "wheell4.ply"}
					{VolumeView "wheell4_lod1.ply"}
				}
			}
			{bone revolute "wheell5"
				{parameters "ID=trackleft;"}
				{Matrix34
					1	-3.89414e-007	1.04308e-007
					1.04308e-007	3.13916e-007	-1
					-3.89414e-007	-1	-3.13916e-007
					-19.5966	-0.219002	-0.815092
				}
				{LODView
					{VolumeView "wheell5.ply"}
					{VolumeView "wheell5_lod1.ply"}
				}
			}
			{bone revolute "wheell6"
				{parameters "ID=trackleft;"}
				{Matrix34
					1	-3.89414e-007	1.04308e-007
					1.04308e-007	3.13916e-007	-1
					-3.89414e-007	-1	-3.13916e-007
					-37.4373	-0.219002	-0.815092
				}
				{LODView
					{VolumeView "wheell6.ply"}
					{VolumeView "wheell6_lod1.ply"}
				}
			}
			{bone "trackl"
				{parameters "CommonMesh;ID=trackleft;"}
				{Matrix34
					1	0	0
					0	-4.37114e-008	1
					0	-1	-4.37114e-008
					-3.75748	0	2.40862
				}
				{VolumeView "trackl.ply"}
			}
		}
		{bone "wheelsr"
			{parameters "ID=trackright;"}
			{animation
				{sequence "break" {file "trackR_b.anm"} {speed 0.8}}
			}
			{Position -3.64807	-23.4887	10.1084}
			{bone revolute "wheelr2"
				{parameters "ID=trackright;"}
				{Matrix34
					1	3.89414e-007	0
					6.34437e-014	-1.62921e-007	-1
					-3.89414e-007	1	-1.62921e-007
					39.5006	-0.355637	-0.81509
				}
				{LODView
					{VolumeView "wheelr2.ply"}
					{VolumeView "wheelr2_lod1.ply"}
				}
			}
			{bone revolute "wheelr3"
				{parameters "ID=trackright;"}
				{Matrix34
					1	3.89414e-007	0
					6.34437e-014	-1.62921e-007	-1
					-3.89414e-007	1	-1.62921e-007
					19.5493	-0.355637	-0.81509
				}
				{LODView
					{VolumeView "wheelr3.ply"}
					{VolumeView "wheelr3_lod1.ply"}
				}
			}
			{bone revolute "wheelr4"
				{parameters "ID=trackright;"}
				{Matrix34
					1	3.89414e-007	0
					6.34437e-014	-1.62921e-007	-1
					-3.89414e-007	1	-1.62921e-007
					-1.75621	-0.355637	-0.81509
				}
				{LODView
					{VolumeView "wheelr4.ply"}
					{VolumeView "wheelr4_lod1.ply"}
				}
			}
			{bone revolute "wheelr5"
				{parameters "ID=trackright;"}
				{Matrix34
					1	3.89414e-007	0
					6.34437e-014	-1.62921e-007	-1
					-3.89414e-007	1	-1.62921e-007
					-19.5966	-0.355644	-0.81509
				}
				{LODView
					{VolumeView "wheelr5.ply"}
					{VolumeView "wheelr5_lod1.ply"}
				}
			}
			{bone revolute "wheelr6"
				{parameters "ID=trackright;"}
				{Matrix34
					1	3.89414e-007	0
					6.34437e-014	-1.62921e-007	-1
					-3.89414e-007	1	-1.62921e-007
					-37.4373	-0.355644	-0.81509
				}
				{LODView
					{VolumeView "wheelr6.ply"}
					{VolumeView "wheelr6_lod1.ply"}
				}
			}
			{bone "trackr"
				{parameters "CommonMesh;ID=trackright;"}
				{Matrix34
					1	0	0
					0	-4.37114e-008	1
					0	-1	-4.37114e-008
					-3.75748	0	2.40862
				}
				{VolumeView "trackr.ply"}
			}
		}
	}
}
{Volume "roller"
	{Cylinder 11.1784 61.963}
	{Bone "wheelroller"}
	{Matrix34
		0.999731	-0.0201982	-0.0114095
		-0.0201949	-0.999796	0.000444987
		0.0114162	0.000214509	0.999935
		0.138159	-0.0491575	-0.604294
	}
}
