;Exported by: gals
;Date:        Sat Nov 26 11:34:16 2005
;File:        D:\-Projects1_5-\-3DWork-\_Cars\BLITZ3_6f\Blitz3_6f_xx.max
{Skeleton
	{bone "basis"
		{Orientation
			1	0	0
			0	-1	0
			0	0	1
		}
		{bone "body"
			{parameters "ID=body;"}
			{Position -1.98028	-0.199262	21.066}
			{VolumeView "body.ply"}
			{bone "cabin"
				{parameters "ID=cabin;"}
				{Matrix34
					0.999808	-5.10127e-005	0.0195929
					5.10672e-005	1	0
					-0.0195929	0	0.999808
					20.8494	-0.00106451	-0.332296
				}
				{VolumeView "cabin.ply"}
				{bone "part2"
					{parameters "ID=cabine;"}
					{Matrix34
						0.89397	-0.444955	0.0532156
						0.444168	0.895553	0.0264477
						-0.0594254	0	0.998233
						4.34145	22.1005	10.9791
					}
					{VolumeView "part2.ply"}
				}
			}
			{bone "part3"
				{Position 63.7855	-0.574767	6.57479}
				{VolumeView "part3.ply"}
			}
			{bone "part4"
				{parameters "ID=engine;"}
				{Position 36.1343	-17.2135	-0.920086}
				{VolumeView "part4.ply"}
			}
			{bone "bodyback"
				{parameters "ID=bodyback;"}
				{Matrix34
					0	1	0
					0	0	1
					1	0	0
					8.74058	-0.574745	15.0493
				}
				{VolumeView "bodyback.ply"}
				{bone "part1"
					{parameters "ID=bodyback;"}
					{Position -0.311163	2.55384	-27.3383}
					{VolumeView "part1.ply"}
				}
			}
			{bone "part5"
				{parameters "ID=body;"}
				{Position -6.68984	-15.9787	-3.69439}
				{VolumeView "part5.ply"}
			}
		}
		{bone "pivot_front"
			{Position 41.5227	-0.774013	10.6202}
			{VolumeView "pivot_front.ply"}
			{bone revolute "steer_l"
				{Matrix34
					-0.999848	0	0.0174524
					0	1	0
					-0.0174524	0	-0.999848
					0.0985069	14.8029	-1.93756
				}
				{bone revolute "wheell1"
					{parameters "ID=wheelleft1;radius=0.3;"}
					{Matrix34
						0.999848	0	0.017452
						0.017452	0	-0.999848
						0	1	0
						-0.0803068	4.01489	-1.46646
					}
					{VolumeView "wheell1.ply"}
				}
			}
			{bone revolute "steer_r"
				{Matrix34
					-1	0	0
					0	1	0
					0	0	-1
					0.111965	-14.917	-1.94665
				}
				{bone revolute "wheelr1"
					{parameters "ID=wheelright1;radius=0.3;"}
					{Matrix34
						1	0	0
						0	0	-1
						0	1	0
						-0.0924292	-3.8768	-1.47392
					}
					{VolumeView "wheelr1.ply"}
				}
			}
		}
		{bone "pivot_back"
			{parameters "ID=body;"}
			{Position -39.7542	-0.774	10.1207}
			{VolumeView "pivot_back.ply"}
			{bone revolute "spring_l"
				{Matrix34
					0.999847	0	0.0175169
					0	1	0
					-0.0175169	0	0.999847
					-0.727226	12.0909	-1.37202
				}
				{bone revolute "wheell2"
					{parameters "ID=wheelleft2;radius=0.3;"}
					{Matrix34
						-0.999847	0	0.0175167
						0.0175167	0	0.999847
						0	1	0
						0.0712739	7.50314	1.39776
					}
					{VolumeView "wheell2.ply"}
				}
			}
			{bone revolute "spring_r"
				{Matrix34
					0.999847	0	0.0175169
					0	1	0
					-0.0175169	0	0.999847
					-0.733818	-10.6728	-1.62397
				}
				{bone revolute "wheelr2"
					{parameters "ID=wheelright2;radius=0.3;"}
					{Matrix34
						-0.999847	0	0.0175167
						0.0175167	0	0.999847
						0	1	0
						0.0822754	-7.34481	1.64955
					}
					{VolumeView "wheelr2.ply"}
				}
			}
		}
	}
}
{Volume "body"
	{Box 126.846 20.469 8.62423}
	{Bone "body"}
	{Position -4.22402	-0.649678	-1.82819}
}
{Volume "bodyback"
	{Polyhedron "bodyback.vol"}
	{Bone "bodyback"}
	{Matrix34
		0	0	1
		1	0	0
		0	1	0
		0.1271	-11.3755	-40.3556
	}
}
{Volume "cabin"
	{Box 20.9995 34.4692 19.2276}
	{Bone "cabin"}
	{Matrix34
		0.997522	5.06206e-005	0.0703398
		-5.09944e-005	0.999999	0
		-0.0703398	0	0.997521
		2.29385	-0.573612	9.18655
	}
}
{Volume "part1"
	{Box 40.6479 41.5551 9.62172}
	{Bone "part1"}
	{Matrix34
		0	0.00430824	0.999989
		0.999999	0	0
		0	0.999989	-0.00430821
		0	4.81081	3.37191
	}
}
{Volume "part2"
	{Box 1.25385 18.2259 25.7435}
	{Bone "part2"}
	{Matrix34
		0.147831	0.988161	-0.0410018
		-0.989006	0.147852	-0.00253194
		0.00356041	0.0409254	0.999154
		0.155032	-0.399858	-0.583448
	}
}
{Volume "part3"
	{Box 3.08831 14.8287 19.1515}
	{Bone "part3"}
	{Matrix34
		0.999534	0	0.0304833
		0	0.999999	0
		-0.0304832	0	0.999533
		-0.099754	-0.274247	-0.900429
	}
}
{Volume "part4"
	{Box 8.68309 27.2849 7.46909}
	{Bone "part4"}
	{Matrix34
		0.0871152	-0.996188	-0.00428567
		0.996194	0.0871027	0.00304176
		-0.00265692	-0.00453438	0.999984
		5.74073	0.279647	0.757646
	}
}
{Volume "part5"
	{Box 15.674 4.80932 10.8951}
	{Bone "part5"}
	{Matrix34
		0.932496	0.0302174	-0.359911
		0.338842	-0.418177	0.8428
		-0.125039	-0.907861	-0.400188
		0.0867496	0.00915062	0.159967
	}
}
{Volume "wheelleft1"
	{Cylinder 6.10601 4.95941}
	{Bone "wheell1"}
	{Matrix34
		-0.719384	-0.694612	0
		-0.694612	0.719385	0
		0	0	-1
		0.433315	-0.470374	-0.0514545
	}
}
{Volume "wheelleft2"
	{Cylinder 6.14709 8.94553}
	{Bone "wheell2"}
	{Matrix34
		-0.999847	0.0175164	0
		0.0175163	0.999847	0
		0	0	-1
		0.359919	-0.166487	0
	}
}
{Volume "wheelright1"
	{Cylinder 5.99688 4.32863}
	{Bone "wheelr1"}
	{Matrix34
		0.694612	0.719385	0
		-0.719384	0.694612	0
		0	0	1
		0.118985	-0.31322	-0.119303
	}
}
{Volume "wheelright2"
	{Cylinder 6.18024 8.94553}
	{Bone "wheelr2"}
	{Matrix34
		-0.999847	0.0175164	0
		0.0175163	0.999847	0
		0	0	-1
		0.304334	-0.194297	0.0381236
	}
}
