;Exported by: garry
;Date:        Wed Apr 09 18:09:23 2008
;File:        D:\-Projects-\-3DWork-\Model\Танки\PZ-2\hi-poly\Pz2F_x.max
{Skeleton
	{bone "basis"
		{Orientation
			1	0	0
			0	-1	0
			0	0	1
		}
		{bone "body"
			{parameters "ID=body;"}
			{animation
				{sequence "break" {file "body_b.anm"}}
			}
			{Position -1.76541	0	17.8312}
			{VolumeView "body.ply"}
			{bone revolute "wheell1"
				{parameters "ID=trackleft;"}
				{Matrix34
					1	0	0
					0	0	-1
					0	1	0
					39.214	17.4235	-5.60172
				}
				{VolumeView "wheell1.ply"}
			}
			{bone revolute "wheell7"
				{parameters "ID=trackleft;"}
				{Matrix34
					1	0	0
					0	0	-1
					0	1	0
					-34.3321	18.3824	-6.27056
				}
				{VolumeView "wheell7.ply"}
			}
			{bone revolute "wheelr7"
				{parameters "ID=trackright;"}
				{Matrix34
					1	0	0
					0	0	-1
					0	-1	0
					-34.3321	-18.3375	-6.27056
				}
				{VolumeView "wheelr7.ply"}
			}
			{bone revolute "wheelr1"
				{parameters "ID=trackright;"}
				{Matrix34
					1	0	0
					0	0	-1
					0	-1	0
					39.214	-17.3784	-5.60172
				}
				{VolumeView "wheelr1.ply"}
			}
			{bone revolute "turret"
				{parameters "ID=turret;"}
				{animation
					{sequence "break" {file "turret_b.anm"}}
				}
				{Position 7.31043	3.23257	10.7724}
				{VolumeView "turret.ply"}
				{bone "cover"
					{parameters "ID=body;"}
					{Position -9.28881	-2.68615	10.1357}
					{VolumeView "cover.ply"}
				}
				{bone revolute "gun_rot"
					{limits -15 15}
					{Matrix34
						1	0	0
						0	0	1
						0	-1	0
						13.078	0.697562	3.59457
					}
					{bone "mgun"
						{Matrix34
							0.5	0.866025	0
							-0.866025	0.5	0
							0	0	-1
							8.50603	-0.187927	6.73162
						}
						{VolumeView "mgun.ply"}
					}
					{bone "gun"
						{parameters "ID=gun;"}
						{Matrix34
							1	0	0
							0	0	-1
							0	1	0
							-0.15847	-0.157483	-4.1912
						}
						{VolumeView "gun.ply"}
					}
				}
			}
			{bone "engine"
				{parameters "CommonMesh;ID=Engine;"}
				{animation
					{sequence "break" {file "engine_b.anm"}}
				}
				{Position -24.9178	-6.76507	8.54966}
				{VolumeView "engine.ply"}
			}
		}
		{bone "wheelsl"
			{parameters "ID=trackleft;"}
			{animation
				{sequence "break" {file "trackL_b.anm"}}
			}
			{Position 1.40091	15.4704	11.0158}
			{VolumeView "wheelsl.ply"}
			{bone "trackl"
				{parameters "CommonMesh;ID=trackleft;"}
				{Matrix34
					1	0	0
					0	0	1
					0	-1	0
					-3.15301	3.11003	0.445221
				}
				{VolumeView "trackl.ply"}
			}
			{bone revolute "wheell2"
				{parameters "ID=trackleft;"}
				{Matrix34
					0.5	0	0.866026
					0.866026	0	-0.5
					0	-1	0
					22.9962	2.91199	-4.71166
				}
				{VolumeView "wheell2.ply"}
			}
			{bone revolute "wheell3"
				{parameters "ID=trackleft;"}
				{Matrix34
					1	0	0
					0	0	-1
					0	-1	0
					11.1725	2.91199	-4.71166
				}
				{VolumeView "wheell3.ply"}
			}
			{bone revolute "wheell4"
				{parameters "ID=trackleft;"}
				{Matrix34
					-0.965926	0	-0.258819
					-0.258819	0	0.965926
					0	-1	0
					-0.284958	2.91199	-4.71166
				}
				{VolumeView "wheell3.ply"}
			}
			{bone revolute "wheell5"
				{parameters "ID=trackleft;"}
				{Matrix34
					-0.707107	0	0.707106
					0.707106	0	0.707107
					0	-1	0
					-12.0829	2.91199	-4.71166
				}
				{VolumeView "wheell3.ply"}
			}
			{bone revolute "wheell6"
				{parameters "ID=trackleft;"}
				{Matrix34
					-0.707107	0	-0.707107
					-0.707107	0	0.707107
					0	-1	0
					-24.0445	2.91199	-4.71166
				}
				{VolumeView "wheell3.ply"}
			}
		}
		{bone "wheelsr"
			{parameters "ID=trackright;"}
			{animation
				{sequence "break" {file "trackR_b.anm"}}
			}
			{Position 1.40092	-15.4704	11.0158}
			{VolumeView "wheelsr.ply"}
			{bone "trackr"
				{parameters "CommonMesh;ID=trackright;"}
				{Matrix34
					1	0	0
					0	0	1
					0	-1	0
					-3.15301	-2.70291	0.445221
				}
				{VolumeView "trackr.ply"}
			}
			{bone revolute "wheelr2"
				{parameters "ID=trackright;"}
				{Matrix34
					0.34202	0	0.939693
					0.939693	0	-0.34202
					0	1	0
					22.9962	-2.912	-4.71166
				}
				{VolumeView "wheelr2.ply"}
			}
			{bone revolute "wheelr3"
				{parameters "ID=trackright;"}
				{Matrix34
					0.939693	0	0.34202
					0.34202	0	-0.939693
					0	1	0
					11.2513	-2.912	-4.71166
				}
				{VolumeView "wheelr2.ply"}
			}
			{bone revolute "wheelr4"
				{parameters "ID=trackright;"}
				{Matrix34
					-0.707107	0	0.707106
					0.707106	0	0.707107
					0	1	0
					-0.355732	-2.912	-4.71166
				}
				{VolumeView "wheelr2.ply"}
			}
			{bone revolute "wheelr5"
				{parameters "ID=trackright;"}
				{Matrix34
					-0.34202	0	-0.939693
					-0.939693	0	0.34202
					0	1	0
					-12.0748	-2.912	-4.71166
				}
				{VolumeView "wheelr2.ply"}
			}
			{bone revolute "wheelr6"
				{parameters "ID=trackright;"}
				{Matrix34
					0.5	0	0.866026
					0.866026	0	-0.5
					0	1	0
					-23.9059	-2.912	-4.71166
				}
				{VolumeView "wheelr2.ply"}
			}
		}
	}
}
