;Exported by: garry
;Date:        Fri Oct 10 18:21:16 2008
;File:        D:\-Projects-\-3DWork-\Model\Танки\Ho-Ri\Ho-Ri_xx.max
{Skeleton
	{bone revolute "basis"
		{Orientation
			1	0	0
			0	-1	0
			0	0	1
		}
		{bone "body"
			{parameters "ID=body;"}
			{Matrix34
				0.996284	0.0344553	-0.0789417
				-0.0314733	0.998755	0.0387118
				0.0801772	-0.0360833	0.996127
				4.26486	0.31139	18.2799
			}
			{VolumeView "body.ply"}
			{bone revolute "wheelr10"
				{parameters "ID=trackright;"}
				{Matrix34
					-1	0	0
					0	0	1
					0	-1	0
					-60.7328	-23.3335	-6.79284
				}
				{VolumeView "wheelr10.ply"}
			}
			{bone revolute "wheell24"
				{parameters "ID=trackright;"}
				{Matrix34
					-1	0	0
					0	0	1
					0	-1	0
					-28.5012	-22.1648	-3.80958
				}
				{VolumeView "wheell24.ply"}
			}
			{bone revolute "wheell25"
				{parameters "ID=trackright;"}
				{Matrix34
					-1	0	0
					0	0	1
					0	-1	0
					0.158643	-22.1648	-3.80958
				}
				{VolumeView "wheell24.ply"}
			}
			{bone revolute "wheell26"
				{parameters "ID=trackright;"}
				{Matrix34
					-1	0	0
					0	0	1
					0	-1	0
					28.1628	-22.1648	-3.80958
				}
				{VolumeView "wheell24.ply"}
			}
			{bone revolute "wheelr1"
				{parameters "ID=trackright;"}
				{Matrix34
					-1	0	0
					0	0	1
					0	-1	0
					62.745	-23.0461	-6.85635
				}
				{VolumeView "wheelr1.ply"}
			}
			{bone revolute "wheell1"
				{parameters "ID=trackleft;"}
				{Matrix34
					-1	0	0
					0	0	1
					0	1	0
					62.745	23.0022	-6.85635
				}
				{VolumeView "wheell1.ply"}
			}
			{bone revolute "wheell13"
				{parameters "ID=trackleft;"}
				{Matrix34
					-1	0	0
					0	0	1
					0	1	0
					28.1628	22.1209	-3.80958
				}
				{VolumeView "wheell24.ply"}
			}
			{bone revolute "wheell12"
				{parameters "ID=trackleft;"}
				{Matrix34
					-1	0	0
					0	0	1
					0	1	0
					0.158643	22.1209	-3.80958
				}
				{VolumeView "wheell24.ply"}
			}
			{bone revolute "wheell11"
				{parameters "ID=trackleft;"}
				{Matrix34
					-1	0	0
					0	0	1
					0	1	0
					-28.5012	22.1209	-3.80958
				}
				{VolumeView "wheell24.ply"}
			}
			{bone revolute "wheell10"
				{parameters "ID=trackleft;"}
				{Matrix34
					-1	0	0
					0	0	1
					0	1	0
					-60.7328	23.2896	-6.79284
				}
				{VolumeView "wheell10.ply"}
			}
			{bone revolute "hull_gun_rot"
				{parameters "ID=body;"}
				{Matrix34
					1	0	0
					0	0	1
					0	-1	0
					44.1462	10.3828	6.29975
				}
				{bone revolute "gun2_rot"
					{parameters "ID=body;"}
					{Matrix34
						1	0	0
						0	0	-1
						0	1	0
						1.76607	-0.365244	2.18071
					}
					{VolumeView "gun2_rot.ply"}
					{bone revolute "hull_mgun"
						{Matrix34
							0	0	-1
							0	1	0
							1	0	0
							-0.720356	2.24252	0.0267735
						}
						{VolumeView "hull_mgun.ply"}
					}
					{bone "hull_gun"
						{parameters "ID=body;"}
						{Position 6.47894	-1.12286	-0.0997429}
						{VolumeView "hull_gun.ply"}
					}
				}
			}
			{bone revolute "gun_rot2"
				{Matrix34
					1	1.97322e-005	-3.07187e-005
					-1.96721e-005	0.999999	0.001134
					3.0756e-005	-0.001134	0.999999
					28.6076	-0.0124472	23.0325
				}
				{bone revolute "gun_rot1"
					{parameters "ID=gun;"}
					{Matrix34
						0.986409	0.0883962	-0.138507
						0.162034	-0.383482	0.909223
						0.0272569	-0.919308	-0.392593
						0.214527	-0.108234	-2.70587
					}
					{VolumeView "gun_rot1.ply"}
					{bone "gun"
						{parameters "ID=gun;"}
						{Matrix34
							1	0	0
							0	0	-1
							0	1	0
							2.50636	2.54735	-0.0122719
						}
						{VolumeView "gun.ply"}
					}
				}
			}
			{bone "engine"
				{parameters "ID=engine;"}
				{Position -54.6454	-0.0977539	6.21251}
				{VolumeView "engine.ply"}
			}
			{bone "part1"
				{Position -0.880585	-0.116609	33.9653}
				{VolumeView "part1.ply"}
			}
			{bone "part2"
				{Position 53.1883	23.8744	4.0102}
				{VolumeView "part2.ply"}
			}
			{bone "part3"
				{Position -66.8427	23.4987	-0.575752}
				{VolumeView "part3.ply"}
			}
			{bone "part4"
				{Matrix34
					-0.996284	0.0314735	-0.0801772
					-0.0789417	0.0387122	0.996127
					0.0344554	0.998755	-0.0360838
					-35.1731	24.3235	-6.36737
				}
				{VolumeView "part4.ply"}
			}
			{bone "part5"
				{Matrix34
					-0.996284	0.0314735	-0.0801772
					-0.0789417	0.0387122	0.996127
					0.0344554	0.998755	-0.0360838
					21.416	22.4485	-4.23122
				}
				{VolumeView "part5.ply"}
			}
		}
		{bone "wheelsl"
			{parameters "ID=trackleft;"}
			{Position 4.24681	0.31139	21.7909}
			{VolumeView "wheelsl.ply"}
			{bone revolute "wheell9"
				{parameters "ID=trackleft;"}
				{Matrix34
					-1	0	0
					0	0	1
					0	1	0
					-49.592	23.409	-15.1416
				}
				{VolumeView "wheell9.ply"}
			}
			{bone revolute "wheell8"
				{parameters "ID=trackleft;"}
				{Matrix34
					-1	0	0
					0	0	1
					0	1	0
					-34.665	23.409	-15.1416
				}
				{VolumeView "wheell9.ply"}
			}
			{bone revolute "wheell7"
				{parameters "ID=trackleft;"}
				{Matrix34
					-1	0	0
					0	0	1
					0	1	0
					-21.6146	23.409	-15.1416
				}
				{VolumeView "wheell9.ply"}
			}
			{bone revolute "wheell6"
				{parameters "ID=trackleft;"}
				{Matrix34
					-1	0	0
					0	0	1
					0	1	0
					-6.66194	23.409	-15.1416
				}
				{VolumeView "wheell9.ply"}
			}
			{bone revolute "wheell5"
				{parameters "ID=trackleft;"}
				{Matrix34
					-1	0	0
					0	0	1
					0	1	0
					6.57168	23.409	-15.1416
				}
				{VolumeView "wheell9.ply"}
			}
			{bone revolute "wheell4"
				{parameters "ID=trackleft;"}
				{Matrix34
					-1	0	0
					0	0	1
					0	1	0
					21.5501	23.409	-15.1416
				}
				{VolumeView "wheell9.ply"}
			}
			{bone revolute "wheell3"
				{parameters "ID=trackleft;"}
				{Matrix34
					-1	0	0
					0	0	1
					0	1	0
					34.6521	23.409	-15.1416
				}
				{VolumeView "wheell9.ply"}
			}
			{bone revolute "wheell2"
				{parameters "ID=trackleft;"}
				{Matrix34
					-1	0	0
					0	0	1
					0	1	0
					49.6563	23.409	-15.1416
				}
				{VolumeView "wheell9.ply"}
			}
		}
		{bone "wheelsr"
			{parameters "ID=trackright;"}
			{Position 4.24681	0.31139	21.7909}
			{VolumeView "wheelsr.ply"}
			{bone revolute "wheelr2"
				{parameters "ID=trackright;"}
				{Matrix34
					-1	0	0
					0	0	1
					0	-1	0
					49.6563	-23.4529	-15.1416
				}
				{VolumeView "wheelr2.ply"}
			}
			{bone revolute "wheelr3"
				{parameters "ID=trackright;"}
				{Matrix34
					-1	0	0
					0	0	1
					0	-1	0
					34.6729	-23.4529	-15.1416
				}
				{VolumeView "wheelr2.ply"}
			}
			{bone revolute "wheelr4"
				{parameters "ID=trackright;"}
				{Matrix34
					-1	0	0
					0	0	1
					0	-1	0
					21.545	-23.4529	-15.1416
				}
				{VolumeView "wheelr2.ply"}
			}
			{bone revolute "wheelr5"
				{parameters "ID=trackright;"}
				{Matrix34
					-1	0	0
					0	0	1
					0	-1	0
					6.55287	-23.4529	-15.1416
				}
				{VolumeView "wheelr2.ply"}
			}
			{bone revolute "wheelr6"
				{parameters "ID=trackright;"}
				{Matrix34
					-1	0	0
					0	0	1
					0	-1	0
					-6.70103	-23.4529	-15.1416
				}
				{VolumeView "wheelr2.ply"}
			}
			{bone revolute "wheelr7"
				{parameters "ID=trackright;"}
				{Matrix34
					-1	0	0
					0	0	1
					0	-1	0
					-21.5928	-23.4529	-15.1416
				}
				{VolumeView "wheelr2.ply"}
			}
			{bone revolute "wheelr8"
				{parameters "ID=trackright;"}
				{Matrix34
					-1	0	0
					0	0	1
					0	-1	0
					-34.6594	-23.4529	-15.1416
				}
				{VolumeView "wheelr2.ply"}
			}
			{bone revolute "wheelr9"
				{parameters "ID=trackright;"}
				{Matrix34
					-1	0	0
					0	0	1
					0	-1	0
					-49.6043	-23.4529	-15.1416
				}
				{VolumeView "wheelr2.ply"}
			}
		}
	}
}
{Volume "body1"
	{Polyhedron "body1.vol"}
	{Bone "body"}
	{Position 0	0	0}
}
{Volume "body2"
	{Polyhedron "body2.vol"}
	{Bone "body"}
	{Position 4.48063	0	1.44318}
}
{Volume "body3"
	{Polyhedron "body3.vol"}
	{Bone "body"}
	{Position -1.89288	-0.526965	11.9798}
}
{Volume "engine"
	{Polyhedron "engine.vol"}
	{Bone "engine"}
	{Position 22.7363	0.0977567	-4.76933}
}
{Volume "gun_rot"
	{Polyhedron "gun_rot.vol"}
	{Bone "gun_rot1"}
	{Matrix34
		1	0	0
		0	0	-1
		0	1	0
		7.01813	-6.92456	0.119326
	}
}
{Volume "gun"
	{Cylinder 2.0322 47.5708}
	{Bone "gun_rot1"}
	{Matrix34
		-0.0374883	-0.00996587	0.999247
		0.0810401	0.996626	0.0129799
		-0.996005	0.0814657	-0.0365542
		33.296	0.373273	0.338754
	}
}
{Volume "part1"
	{Box 49.0064 42.4722 2.61367}
	{Bone "part1"}
	{Matrix34
		0.99993	0.0098223	0.00665376
		-0.00981201	0.999951	-0.00157448
		-0.00666883	0.00150907	0.999977
		-0.348899	-0.441635	-1.1626
	}
}
{Volume "part2"
	{Box 33.8827 11.2429 3.23426}
	{Bone "part2"}
	{Matrix34
		0.985988	-0.028074	0.164436
		0.0344553	0.998754	-0.0360835
		-0.163218	0.0412436	0.985728
		-0.638827	-0.0432281	0.710928
	}
}
{Volume "part3"
	{Box 7.62321 12.1971 2.30918}
	{Bone "part3"}
	{Matrix34
		0.745052	-0.00160511	0.667004
		0.0344551	0.998755	-0.0360834
		-0.666116	0.0498657	0.74418
		-1.50885	0.0464737	-0.154569
	}
}
{Volume "part4"
	{Polyhedron "part4.vol"}
	{Bone "part4"}
	{Matrix34
		-1	0	0
		0	0	1
		0	1	0
		0.216125	2.67247	0.128483
	}
}
{Volume "part5"
	{Polyhedron "part5.vol"}
	{Bone "part5"}
	{Matrix34
		-1	0	0
		0	0	1
		0	1	0
		0.0717001	-3.09245	0.205509
	}
}
{Volume "trackleft"
	{Box 137.653 10.0191 23.3349}
	{Bone "wheelsl"}
	{Position 1.01882	23.46	-10.2259}
}
{Volume "trackright"
	{Box 137.653 10.0191 23.3349}
	{Bone "wheelsr"}
	{Position 1.01882	-23.1573	-10.2259}
}
