;Exported by: Ve2Al
;Date:        Tue Mar 18 23:02:20 2014
;File:        C:\Users\Ve2Al\Documents\3dsMax\scenes\Tanks\KV-2_1940\KV-2_1940_õx.max
{Skeleton
	{bone "basis"
		{Orientation
			1	0	0
			0	-1	0
			0	0	1
		}
		{bone "wheelsl"
			{parameters "ID=trackleft;"}
			{Matrix34
				1	0	0
				0	0	-1
				0	1	0
				0.289567	0	15.6939
			}
			{VolumeView "wheelsl.ply"}
			{bone revolute "wheell2"
				{parameters "ID=trackleft;Radius=0.42;"}
				{Matrix34
					1	0	0
					0	1	0
					0	0	1
					45.443	9.46676	26.2564
				}
				{VolumeView "wheell2.ply"}
			}
			{bone revolute "wheell3"
				{parameters "ID=trackleft;Radius=0.42;"}
				{Matrix34
					1	0	0
					0	1	0
					0	0	1
					27.2164	9.46676	26.2564
				}
				{VolumeView "wheell3.ply"}
			}
			{bone revolute "wheell4"
				{parameters "ID=trackleft;Radius=0.42;"}
				{Matrix34
					0.968118	0	-0.250495
					0.0489204	0.980745	0.189069
					0.245671	-0.195295	0.949476
					8.2181	9.46676	26.2565
				}
				{VolumeView "wheell4.ply"}
			}
			{bone revolute "wheell5"
				{parameters "ID=trackleft;Radius=0.42;"}
				{Matrix34
					1	0	0
					0	1	0
					0	0	1
					-9.33374	9.46676	26.2565
				}
				{VolumeView "wheell5.ply"}
			}
			{bone revolute "wheell6"
				{parameters "ID=trackleft;Radius=0.42;"}
				{Matrix34
					0.988485	0.0172118	-0.15034
					0.0249634	0.96135	0.274195
					0.149249	-0.27479	0.94985
					-26.2302	9.46676	26.2565
				}
				{VolumeView "wheell6.ply"}
			}
			{bone revolute "wheell7"
				{parameters "ID=trackleft;Radius=0.42;"}
				{Matrix34
					1	0	0
					0	0.908922	-0.416967
					0	0.416967	0.908922
					-41.2071	9.46676	26.2565
				}
				{VolumeView "wheell7.ply"}
			}
			{bone "fxtracel1"
				{Matrix34
					-1	0	0
					0	-1	0
					0	0	1
					45.2241	15.6939	-26.3007
				}
			}
			{bone "fxtracel2"
				{Matrix34
					-1	0	0
					0	-1	0
					0	0	1
					-41.229	15.6939	-26.3006
				}
			}
			{bone "fxtracel3"
				{Matrix34
					-0.911657	-0.410953	0
					0.410953	-0.911657	0
					0	0	1
					-60.7794	9.03733	-26.3006
				}
			}
		}
		{bone "wheelsr"
			{parameters "ID=trackright;"}
			{Matrix34
				1	0	0
				0	0	-1
				0	-1	0
				0.235233	0	15.7045
			}
			{VolumeView "wheelsr.ply"}
			{bone revolute "wheelr2"
				{parameters "ID=trackRight;Radius=0.42;"}
				{Matrix34
					0.981618	0	-0.190857
					0	1	0
					0.190857	0	0.981618
					45.4974	9.47739	26.2563
				}
				{VolumeView "wheelr2.ply"}
			}
			{bone revolute "wheelr3"
				{parameters "ID=trackRight;Radius=0.42;"}
				{Matrix34
					1	0	0
					0	0.982446	0.186546
					0	-0.186546	0.982446
					27.2707	9.47739	26.2564
				}
				{VolumeView "wheelr3.ply"}
			}
			{bone revolute "wheelr4"
				{parameters "ID=trackRight;Radius=0.42;"}
				{Matrix34
					0.986278	0	-0.165096
					0	1	0
					0.165096	0	0.986278
					8.27247	9.47739	26.2565
				}
				{VolumeView "wheelr4.ply"}
			}
			{bone revolute "wheelr5"
				{parameters "ID=trackRight;Radius=0.42;"}
				{Matrix34
					1	0	0
					0	0.990626	-0.136605
					0	0.136605	0.990626
					-9.27936	9.47739	26.2565
				}
				{VolumeView "wheelr5.ply"}
			}
			{bone revolute "wheelr6"
				{parameters "ID=trackRight;Radius=0.42;"}
				{Matrix34
					1	0	0
					0	1	0
					0	0	1
					-26.1758	9.47739	26.2565
				}
				{VolumeView "wheelr6.ply"}
			}
			{bone revolute "wheelr7"
				{parameters "ID=trackRight;Radius=0.42;"}
				{Matrix34
					1	0	0
					0	1	0
					0	0	1
					-41.1528	9.47739	26.2566
				}
				{VolumeView "wheelr7.ply"}
			}
			{bone "fxtracer1"
				{Matrix34
					-1	0	0
					0	-1	0
					0	0	1
					45.2784	15.7045	-26.2508
				}
			}
			{bone "fxtracer2"
				{Matrix34
					-1	0	0
					0	-1	0
					0	0	1
					-41.1747	15.7045	-26.2506
				}
			}
			{bone "fxtracer3"
				{Matrix34
					-0.911656	-0.410953	0
					0.410953	-0.911656	0
					0	0	1
					-60.7251	9.04795	-26.2506
				}
			}
		}
		{bone "fxshot"
			{Orientation
				0	1	0
				-1	0	0
				0	0	1
			}
		}
		{bone "body"
			{parameters "ID=body;"}
			{Matrix34
				0.99863	-0.00121713	-0.0523147
				-0.000608816	0.999392	-0.0348729
				0.0523253	0.034857	0.998022
				-3.02151	0	20.7677
			}
			{VolumeView "body.ply"}
			{bone revolute "turret"
				{parameters "ID=turret;"}
				{animation
					{sequence "break" {file "turret_b.anm"} {speed 0.9}}
				}
				{speed 0.01}
				{Matrix34
					0.974333	-0.224942	-0.00872653
					0.224951	0.97437	0
					0.00850288	-0.00196305	0.999962
					13.5476	0.473367	12
				}
				{VolumeView "turret.ply"}
				{bone "visor1"
					{Matrix34
						1	0	0
						0	1	0
						0	0	1
						11.3383	9.18492	16.1719
					}
				}
				{bone revolute "gun_rot"
					{parameters "ID=gun;"}
					{animation
						{sequence "break" {file "gun_b.anm"} {speed 0.6}}
					}
					{limits -10 15}
					{speed 0.01}
					{Matrix34
						0.994522	0	-0.104528
						0.104528	0	0.994522
						0	-1	0
						19.5396	0.00539589	15.1493
					}
					{VolumeView "gun_rot.ply"}
					{bone "gun"
						{parameters "ID=gun;"}
						{Matrix34
							1	0	0
							0	0	1
							0	-1	0
							23.1142	-0.176567	-0.863007
						}
						{VolumeView "gun.ply"}
						{bone "foresight1"
							{Matrix34
								1	0	0
								0	1	0
								0	0	1
								17.9973	-0.00737047	-0.750648
							}
						}
					}
					{bone revolute "coaxial_mgun"
						{Matrix34
							1	0	0
							0	1	0
							0	0	1
							16.3653	3.09299	-3.6441
						}
						{bone revolute "foresight5"
							{limits -15 15}
							{Position 0.779495	0	0}
						}
					}
				}
				{bone "fxfire3"
					{Matrix34
						0	0	1
						0	1	0
						-1	0	0
						-7.78903	-9.39649	13.5985
					}
				}
				{bone revolute "mgun_rot4"
					{parameters "ID=turret;"}
					{limits -15 15}
					{Position -31.3338	10.2991	18.0746}
					{VolumeView "mgun_rot4.ply"}
					{bone revolute "mgun"
						{limits -15 15}
						{Matrix34
							-1	0	0
							0	0	-1
							0	-1	0
							-0.744307	-0.024498	-0.526829
						}
						{VolumeView "mgun.ply"}
						{bone "foresight4"
							{Matrix34
								1	0	0
								0	0	1
								0	-1	0
								5.71575	-0.403873	-0.0782471
							}
						}
					}
				}
				{bone "object002"
					{parameters "ID=turret;"}
					{Matrix34
						0.973463	0.228844	0
						-0.228844	0.973463	0
						0	0	1
						-29.8512	-7.82539	14.0434
					}
					{VolumeView "object002.ply"}
				}
				{bone "cover1"
					{parameters "ID=turret;"}
					{Matrix34
						-0.479521	0	0.87753
						0	1	0
						-0.87753	0	-0.479521
						-9.32033	-6.69234	25.0828
					}
					{VolumeView "cover1.ply"}
				}
				{bone "enumerator"
					{Position 7.27146	13.5919	9.43241}
					{VolumeView "enumerator.ply"}
				}
			}
			{bone revolute "mgun_rot005"
				{parameters "ID=body;"}
				{limits -15 15}
				{Matrix34
					-0.984808	0	-0.173648
					0	-1	0
					-0.173648	0	0.984808
					53.5208	10.3435	5.78039
				}
				{VolumeView "mgun_rot005.ply"}
				{bone "mgun3"
					{Matrix34
						-0.984808	0	-0.173648
						-0.173648	0	0.984808
						0	1	0
						-0.66148	-0.0244989	-0.511398
					}
					{VolumeView "mgun3.ply"}
					{bone "foresight6"
						{Matrix34
							1	0	0
							0	0	-1
							0	1	0
							4.90389	0.355694	0.0127106
						}
					}
				}
			}
			{bone "hutch"
				{parameters "ID=body;"}
				{Position -6.73588	0.121328	11.3726}
				{VolumeView "hutch.ply"}
			}
			{bone "cover4"
				{parameters "ID=body;"}
				{Matrix34
					0.82939	0	0.55867
					0	1	0
					-0.55867	0	0.82939
					50.2493	0.0716522	7.639
				}
				{VolumeView "cover4.ply"}
			}
			{bone "headlightl"
				{Matrix34
					1	0	0
					0	1	0
					0	0	1
					54.3502	-8.79638	7.36211
				}
			}
			{bone "fxsmoke2"
				{Matrix34
					-0.368584	-0.263448	0.891483
					-0.593042	0.805139	-0.00726098
					-0.715855	-0.531363	-0.452996
					-31.9288	-9.25873	12.7028
				}
			}
			{bone "fxsmoke1"
				{Matrix34
					-0.399194	0.23109	0.887267
					0.488209	0.872693	-0.00764214
					-0.776078	0.430121	-0.461194
					-31.8932	10.4942	12.5636
				}
			}
			{bone "fxlight"
				{Matrix34
					1	0	0
					0	1	0
					0	0	1
					54.3595	-8.84056	7.38542
				}
			}
			{bone "visor2"
				{Matrix34
					1	0	0
					0	1	0
					0	0	1
					53.6326	0.126304	5.47269
				}
			}
			{bone revolute "wheelr11"
				{parameters "ID=trackleft;"}
				{Matrix34
					1	0	0
					0	0	-1
					0	-1	0
					-35.1849	-26.3213	-1.60584
				}
				{VolumeView "wheelr11.ply"}
			}
			{bone revolute "wheell10"
				{parameters "ID=trackleft;Radius=0.32;"}
				{Matrix34
					1	0	0
					0	-0.261819	-0.965117
					0	0.965117	-0.261819
					-0.641499	26.3213	-1.60584
				}
				{VolumeView "wheell10.ply"}
			}
			{bone revolute "wheell9"
				{parameters "ID=trackleft;Radius=0.32;"}
				{Matrix34
					1	0	0
					0	0	-1
					0	1	0
					36.3369	26.3213	-1.60584
				}
				{VolumeView "wheell9.ply"}
			}
			{bone revolute "wheelr8"
				{parameters "ID=trackRight;Radius=0.52;"}
				{Matrix34
					1	0	0
					0	0	-1
					0	-1	0
					-52.2013	-26.2453	-6.60737
				}
				{VolumeView "wheelr8.ply"}
			}
			{bone revolute "wheell1"
				{parameters "ID=trackleft;Radius=0.42;"}
				{Matrix34
					0.989663	-0.139708	0.032393
					0	-0.22587	-0.974158
					0.143414	0.964088	-0.223534
					62.8057	25.7286	-5.17964
				}
				{VolumeView "wheell1.ply"}
			}
			{bone revolute "wheell11"
				{parameters "ID=trackleft;Radius=0.32;"}
				{Matrix34
					1	0	0
					0	0	-1
					0	1	0
					-35.1849	26.3213	-1.60584
				}
				{VolumeView "wheell11.ply"}
			}
			{bone revolute "wheelr10"
				{parameters "ID=trackleft;"}
				{Matrix34
					1	0	0
					0	0	-1
					0	-1	0
					-0.641499	-26.3212	-1.60584
				}
				{VolumeView "wheelr10.ply"}
			}
			{bone revolute "wheelr9"
				{parameters "ID=trackleft;"}
				{Matrix34
					1	0	0
					0	0	-1
					0	-1	0
					36.3369	-26.3213	-1.60585
				}
				{VolumeView "wheelr9.ply"}
			}
			{bone revolute "wheell8"
				{parameters "ID=trackleft;Radius=0.52;"}
				{Matrix34
					0.999996	0	-0.00272687
					-0.00272689	0	-0.999996
					0	1	0
					-52.2013	26.2453	-6.60737
				}
				{VolumeView "wheell8.ply"}
			}
			{bone revolute "wheelr1"
				{parameters "ID=trackRight;Radius=0.44;"}
				{Matrix34
					1	0	0
					0	0	-1
					0	-1	0
					62.8057	-25.7286	-5.17964
				}
				{VolumeView "wheelr1.ply"}
			}
			{bone "fxfire1"
				{Matrix34
					0	0	1
					0	1	0
					-1	0	0
					-17.3196	0.067168	10.3254
				}
			}
			{bone "detail1"
				{parameters "ID=body;"}
				{Position 2.59422	0	-20.7737}
				{VolumeView "detail1.ply"}
			}
			{bone "object003"
				{parameters "ID=body;"}
				{Matrix34
					1	0	0
					0	0.994977	0.100105
					0	-0.100105	0.994977
					-37.1471	-22.1515	11.2627
				}
				{VolumeView "object003.ply"}
			}
			{bone "en2"
				{parameters "ID=engine;"}
				{Matrix34
					-0.3992	0	0.916864
					0	1	0
					-0.916864	0	-0.3992
					-49.1616	-8.49412	10.6109
				}
				{VolumeView "en2.ply"}
			}
			{bone "en3"
				{parameters "ID=engine;"}
				{Matrix34
					0.207055	0	0.978329
					0	1	0
					-0.978329	0	0.207055
					-49.1616	8.93248	10.6109
				}
				{VolumeView "en3.ply"}
			}
		}
		{bone "emit2"
			{Matrix34
				0	1	0
				-1	0	0
				0	0	1
				5.79626	-50.4607	0
			}
		}
		{bone "emit3"
			{Matrix34
				0	1	0
				-1	0	0
				0	0	1
				-28.9308	-49.4068	0
			}
		}
		{bone "emit7"
			{Matrix34
				0	1	0
				-1	0	0
				0	0	1
				-55.4161	-49.4068	0
			}
		}
		{bone "emit4"
			{Matrix34
				0	1	0
				-1	0	0
				0	0	1
				-43.0895	-49.4068	0
			}
		}
	}
}
{Volume "body1"
	{Polyhedron "body1.vol"}
	{Bone "body"}
	{Position 22.4928	0.0202667	6.04423}
}
{Volume "body2"
	{Polyhedron "body2.vol"}
	{Bone "body"}
	{Position 14.2078	0.00566268	-6.08071}
}
{Volume "body3"
	{Polyhedron "body3.vol"}
	{Bone "body"}
	{Position 14.2078	0.00566304	-13.6015}
}
{Volume "crew"
	{Polyhedron "crew.vol"}
	{Bone "body"}
	{Matrix34
		1	0	0
		0	1	0
		0	0	1
		12.3552	-0.557404	-1.72787
	}
}
{Volume "engine"
	{Polyhedron "engine.vol"}
	{Bone "body"}
	{Position -12.2466	-8.60302	2.31305}
}
{Volume "gun"
	{Cylinder 2.35358 52.656}
	{Bone "gun"}
	{Matrix34
		0	1	0
		0	0	1
		1	0	0
		-8.33778	0.560669	-0.730222
	}
}
{Volume "inventory"
	{Polyhedron "inventory.vol"}
	{Bone "body"}
	{Matrix34
		1	0	0
		0	1	0
		0	0	1
		6.17379	-8.04083	-6.33455
	}
}
{Volume "mantlet"
	{Polyhedron "mantlet.vol"}
	{Bone "gun_rot"}
	{Position 1.76704	0.80584	0.878953}
}
{Volume "trackleft"
	{Polyhedron "trackleft.vol"}
	{Bone "wheelsl"}
	{Matrix34
		1	0	0
		0	1	0
		0	0	1
		-6.26051	3.66984	20.2475
	}
}
{Volume "trackright"
	{Polyhedron "trackright.vol"}
	{Bone "wheelsr"}
	{Matrix34
		1	0	0
		0	0	-1
		0	-1	0
		-6.20613	3.60203	20.1634
	}
}
{Volume "turret1"
	{Polyhedron "turret1.vol"}
	{Bone "turret"}
	{Position 3.55385	17.3775	6.13125}
}
