;Exported by: ubrashaev
;Date:        Fri Jun 22 20:32:21 2018
;File:        E:\work\0.KRIS\vehicles2\sdkfz138.1\sdkfz138_1_xx.max
{Skeleton
	{bone revolute "basis"
		{Orientation
			1	0	0
			0	-1	0
			0	0	1
		}
		{bone "body"
			{parameters "ID=body;"}
			{Position -6.8969	-0.812423	25.6009}
			{VolumeView "body.ply"}
			{bone revolute "wheelr1"
				{parameters "ID=trackleft;"}
				{Matrix34
					0.984104	0.150012	0.0950595
					0.0927817	0.0221268	-0.995441
					-0.151432	0.988437	0.00785671
					-30.9733	17.1044	-15.8397
				}
				{VolumeView "wheelr1.ply"}
			}
			{bone revolute "wheell1"
				{parameters "ID=trackright;"}
				{Matrix34
					1	0	0
					0	0	-1
					0	1	0
					-30.9732	-15.7986	-15.8399
				}
				{VolumeView "wheell1.ply"}
			}
			{bone revolute "wheell7"
				{parameters "ID=trackright;"}
				{Matrix34
					-1	0	0
					0	0	-1
					0	-1	0
					4.60152	-13.592	-10.244
				}
				{VolumeView "wheell7.ply"}
			}
			{bone revolute "wheelr7"
				{parameters "ID=trackleft;"}
				{Matrix34
					1	0	0
					0	0	-1
					0	1	0
					4.60153	15.2169	-10.244
				}
				{VolumeView "wheelr7.ply"}
			}
			{bone revolute "wheelr6"
				{parameters "ID=trackleft;"}
				{Matrix34
					1	0	0
					0	-0.34202	-0.939693
					0	0.939693	-0.34202
					41.8789	17.1044	-11.9359
				}
				{VolumeView "wheelr6.ply"}
			}
			{bone revolute "wheell6"
				{parameters "ID=trackright;"}
				{Matrix34
					0.899937	-0.417342	0.126253
					0.168618	0.0660866	-0.983464
					0.402097	0.906344	0.129845
					41.8577	-15.5831	-11.9326
				}
				{VolumeView "wheell6.ply"}
			}
			{bone revolute "gun_rot1"
				{parameters "ID=gun_rot1;"}
				{limits -15 15}
				{speed 0.003}
				{Position -13.5174	0.812623	9.16053}
				{VolumeView "gun_rot1.ply"}
				{bone revolute "gun_rot"
					{parameters "ID=gun_rot;"}
					{limits -3 42}
					{speed 0.003}
					{Matrix34
						1	0	0
						0	0	1
						0	-1	0
						-1.42888	-0.000199318	4.87402
					}
					{VolumeView "gun_rot.ply"}
					{bone "gun"
						{parameters "ID=gun;"}
						{Matrix34
							1	0	0
							0	0	-1
							0	1	0
							18.1368	-0.103844	-0.000198626
						}
						{VolumeView "gun.ply"}
					}
				}
				{bone "gun_hatch"
					{parameters "id=gun_hatch;"}
					{Matrix34
						-0.258819	0	0.965926
						0.965926	0	0.258819
						0	1	0
						15.6092	-0.0001688	-3.67326
					}
					{VolumeView "gun_hatch.ply"}
				}
			}
			{bone "cover1"
				{parameters "ID=body;"}
				{Matrix34
					1	0	0
					0	-0.766044	0.642788
					0	-0.642788	-0.766044
					25.3661	-11.3431	1.3458
				}
				{VolumeView "cover1.ply"}
			}
			{bone "cover2"
				{parameters "ID=body;"}
				{Matrix34
					1	0	0
					0	0.0871558	-0.996195
					0	0.996195	0.0871558
					25.3661	-0.975606	1.3458
				}
				{VolumeView "cover2.ply"}
			}
			{bone "engine"
				{parameters "ID=engine;"}
				{Position 13.1378	0.812415	-6.16768}
			}
		}
		{bone "wheelsl"
			{parameters "ID=trackleft;"}
			{Position -1.87857	14.6942	10.9743}
			{VolumeView "wheelsl.ply"}
			{bone revolute "wheelr5"
				{parameters "ID=trackleft;WheelRadius=0.37;"}
				{Matrix34
					0.972547	0.0674917	-0.222704
					-0.204707	-0.207004	-0.956684
					-0.110669	0.976009	-0.187505
					24.6571	-0.289796	-2.91087
				}
				{VolumeView "wheelr5.ply"}
			}
			{bone revolute "wheelr3"
				{parameters "ID=trackleft;WheelRadius=0.37;"}
				{Matrix34
					0.944167	0.256378	-0.206929
					-0.174752	-0.142748	-0.97421
					-0.279305	0.955978	-0.0899758
					-8.70121	-0.289794	-2.91087
				}
				{VolumeView "wheelr3.ply"}
			}
			{bone revolute "wheelr2"
				{parameters "ID=trackleft;WheelRadius=0.37;"}
				{Matrix34
					0.89542	-0.364693	-0.255387
					-0.290202	-0.0430579	-0.955996
					0.337648	0.930132	-0.144389
					-24.6535	-0.289791	-2.91087
				}
				{VolumeView "wheelr2.ply"}
			}
		}
		{bone "wheelsr"
			{parameters "ID=trackright;"}
			{Matrix34
				-1	0	0
				0	-1	0
				0	0	1
				-1.87851	-14.6942	10.9743
			}
			{VolumeView "wheelsr.ply"}
			{bone revolute "wheell5"
				{parameters "ID=trackright;WheelRadius=0.3;"}
				{Matrix34
					-0.965926	0.258819	0
					0	0	-1
					-0.258819	-0.965926	0
					-24.657	-0.284769	-2.91087
				}
				{VolumeView "wheell5.ply"}
			}
			{bone revolute "wheell4"
				{parameters "ID=trackright;WheelRadius=0.3;"}
				{Matrix34
					-0.97324	-0.215883	-0.078732
					0.0784318	0.00997089	-0.99687
					0.215993	-0.976368	0.00722805
					-8.73296	-0.28478	-2.91087
				}
				{VolumeView "wheell4.ply"}
			}
			{bone revolute "wheell2"
				{parameters "ID=trackright;WheelRadius=0.3;"}
				{Matrix34
					-1	0	0
					0	0	-1
					0	-1	0
					24.6535	-0.284791	-2.91087
				}
				{VolumeView "wheell2.ply"}
			}
		}
	}
}
{Volume "body1"
	{Polyhedron "body1.vol"}
	{Bone "body"}
	{Matrix34
		-1	0	0
		0	0	1
		0	1	0
		5.5986	0.812423	-10.3725
	}
}
{Volume "body2"
	{Polyhedron "body2.vol"}
	{Bone "body"}
	{Matrix34
		-1	0	0
		0	0	1
		0	1	0
		-19.1139	0.812427	5.81045
	}
}
{Volume "body3"
	{Polyhedron "body3.vol"}
	{Bone "body"}
	{Position 3.91271	0.812424	-3.09408}
}
{Volume "body4"
	{Polyhedron "body4.vol"}
	{Bone "body"}
	{Position 26.5265	-6.10479	-3.61103}
}
{Volume "engine"
	{Box 15.2063 24.6273 5.05258}
	{Bone "engine"}
	{Position 1.58331	-0.856778	3.20879}
}
{Volume "gun"
	{Cylinder 2.24618 31.2461}
	{Bone "gun"}
	{Matrix34
		0	1	0
		0	0	1
		1	0	0
		0.0212603	0	0.592109
	}
}
{Volume "inventory"
	{Box 6.53137 26.9225 11.2546}
	{Bone "body"}
	{Position -36.2601	0.742587	-4.26663}
}
{Volume "sticky"
	{Polyhedron "sticky.vol"}
	{Bone "body"}
	{Position -14.4707	-0.374343	0.62817}
}
