;Exported by: Артем
;Date:        Sun Feb 16 16:44:32 2014
;File:        D:\Autodesk\Low poly\freelance\DMS\Vehicles\M3 half track\export\M16_xx.max
{Skeleton
	{bone "basis"
		{Orientation
			1	0	0
			0	-1	0
			0	0	1
		}
		{bone "pivot_front"
			{Position 43.785	-0.00537851	6.09287}
			{bone revolute "steer_l1"
				{Matrix34
					-1	0	0
					0	1	0
					0	0	-1
					0.00291061	14.7185	1.74068
				}
				{bone revolute "wheell1"
					{parameters "ID=wheelleft1;Radius=0.49;"}
					{Matrix34
						-1	0	0
						0	0.224951	0.97437
						0	0.97437	-0.224951
						0.000244141	2.04039	-1.65928
					}
					{VolumeView "wheell1.ply"}
				}
				{bone "rl"
					{Matrix34
						-1	0	0
						0	1	0
						0	0	-1
						0.137241	0.372641	-1.4069
					}
					{VolumeView "rl.ply"}
				}
			}
			{bone revolute "steer_r1"
				{Matrix34
					-1	0	0
					0	1	0
					0	0	-1
					0.0029068	-14.7478	1.74068
				}
				{bone revolute "wheelr1"
					{parameters "ID=wheelright1;Radius=0.49;"}
					{Matrix34
						-0.948324	-0.317305	0
						0	0	1
						-0.317305	0.948324	0
						0.00967789	-1.86419	-1.64416
					}
					{VolumeView "wheelr1.ply"}
				}
				{bone "rr"
					{Matrix34
						-1	0	0
						0	-1	0
						0	0	-1
						0.137238	-0.213842	-1.4069
					}
					{VolumeView "rr.ply"}
				}
			}
		}
		{bone "wheelsr"
			{parameters "wheelsR;"}
			{Position -25.4167	-13.635	4.4556}
			{VolumeView "wheelsr.ply"}
			{bone revolute "wheelr6"
				{parameters "ID=trackRight;Radius=0.46;"}
				{Matrix34
					1	0	0
					0	0	-1
					0	1	0
					-11.7025	-3.12115	0.0468998
				}
				{VolumeView "wheelr6.ply"}
			}
			{bone revolute "wheelr5"
				{parameters "ID=trackRight;Radius=0.46;"}
				{Matrix34
					1	0	0
					0	0	-1
					0	1	0
					-4.43612	-3.12115	0.0468998
				}
				{VolumeView "wheelr6.ply"}
			}
			{bone revolute "wheelr4"
				{parameters "ID=trackRight;Radius=0.46;"}
				{Matrix34
					1	0	0
					0	0	-1
					0	1	0
					4.446	-3.12115	0.0468998
				}
				{VolumeView "wheelr6.ply"}
			}
			{bone revolute "wheelr3"
				{parameters "ID=trackRight;Radius=0.46;"}
				{Matrix34
					1	0	0
					0	0	-1
					0	1	0
					11.7013	-3.12115	0.0468998
				}
				{VolumeView "wheelr6.ply"}
			}
		}
		{bone "wheelsl"
			{parameters "wheelsL;"}
			{Position -25.4167	13.6953	4.4556}
			{VolumeView "wheelsl.ply"}
			{bone revolute "wheell6"
				{parameters "ID=trackleft;Radius=0.46;"}
				{Matrix34
					1	0	0
					0	0	-1
					0	1	0
					-11.7025	3.12115	0.0469027
				}
				{VolumeView "wheell6.ply"}
			}
			{bone revolute "wheell4"
				{parameters "ID=trackleft;Radius=0.46;"}
				{Matrix34
					1	0	0
					0	0	-1
					0	1	0
					4.446	3.12115	0.0469027
				}
				{VolumeView "wheell6.ply"}
			}
			{bone revolute "wheell3"
				{parameters "ID=trackleft;Radius=0.46;"}
				{Matrix34
					1	0	0
					0	0	-1
					0	1	0
					11.7013	3.12115	0.0469027
				}
				{VolumeView "wheell6.ply"}
			}
		}
		{bone "pivot_back"
			{Matrix34
				-1	0	0
				0	0	1
				0	1	0
				-35.7142	0	4.30835
			}
		}
		{bone "body"
			{parameters "ID=body;"}
			{Matrix34
				0.999049	-0.00304219	-0.0435072
				-0.000380412	0.996918	-0.0784437
				0.0436118	0.0783856	0.995969
				0.43025	0.0522079	13.2967
			}
			{VolumeView "body.ply"}
			{bone "part6"
				{Matrix34
					0.0871558	-0.996195	0
					0.996195	0.0871558	0
					0	0	1
					16.0114	16.0912	10.4221
				}
				{VolumeView "part6.ply"}
			}
			{bone revolute "wheell2"
				{parameters "ID=trackleft;Radius=0.46;"}
				{Matrix34
					1	0	0
					0	0	-1
					0	1	0
					-5.64578	16.8218	-2.03333
				}
				{VolumeView "wheell2.ply"}
			}
			{bone revolute "part4"
				{parameters "ID=trackleft;Radius=0.42;"}
				{Matrix34
					1	0	0
					0	0	-1
					0	1	0
					-46.2533	18.5457	-2.3991
				}
				{VolumeView "part4.ply"}
			}
			{bone revolute "part5"
				{parameters "ID=trackRight;Radius=0.46;"}
				{Matrix34
					1	0	0
					0	0	-1
					0	1	0
					-5.64577	-16.866	-2.03333
				}
				{VolumeView "part5.ply"}
			}
			{bone revolute "steer_b001"
				{Matrix34
					0.754709	0	0.656059
					0	-1	0
					0.656059	0	-0.754709
					12.5304	10.5635	14.4536
				}
				{bone "handwhee"
					{Matrix34
						0.75471	0	0.656059
						0	-1	0
						0.656059	0	-0.75471
						-0.055584	0.00496674	-1.10063
					}
					{VolumeView "handwhee.ply"}
				}
			}
			{bone revolute "wheelr8"
				{parameters "ID=trackRight;Radius=0.46;"}
				{Matrix34
					1	0	0
					0	0	-1
					0	1	0
					-25.7988	-16.6882	1.18135
				}
				{VolumeView "wheelr8.ply"}
			}
			{bone revolute "wheell8"
				{parameters "ID=trackleft;Radius=0.46;"}
				{Matrix34
					1	0	0
					0	0	-1
					0	1	0
					-25.7988	16.644	1.18135
				}
				{VolumeView "wheell8.ply"}
			}
			{bone "doorright"
				{Matrix34
					0.857438	0.513449	0.0342121
					-0.512474	0.858046	-0.0335672
					-0.0465906	0.011249	0.998851
					16.0143	-16.1199	13.7607
				}
				{VolumeView "doorright.ply"}
			}
			{bone revolute "turret"
				{parameters "ID=turret;"}
				{speed 0.01}
				{Matrix34
					0.992546	-0.118845	-0.026989
					0.119032	0.992875	0.00544838
					0.0261492	-0.00862032	0.999621
					-38.0207	-0.03789	16.2288
				}
				{VolumeView "turret.ply"}
				{bone revolute "gun_rot"
					{parameters "ID=gun;"}
					{limits -7 70}
					{speed 0.02}
					{Matrix34
						0.999848	0	-0.0174524
						0.0174524	0	0.999848
						0	-1	0
						0.0846024	0.0617504	13.1111
					}
					{VolumeView "gun_rot.ply"}
					{bone "gun4"
						{parameters "ID=mgun;"}
						{Matrix34
							1	0	0
							0	1	0
							0	0	-1
							2.4007	-2.48241	-13.2954
						}
						{VolumeView "gun4.ply"}
					}
					{bone "gun3"
						{parameters "ID=mgun;"}
						{Matrix34
							0.99257	-0.0850023	0.0870558
							0.07567	0.991546	0.105402
							0.0952793	0.0980316	-0.990612
							2.43163	-2.2396	13.7544
						}
						{VolumeView "gun3.ply"}
					}
					{bone "part3"
						{parameters "ID=gun;"}
						{animation
							{sequence "break" {file "gun_b.anm"} {speed 0.6}}
						}
						{Position -1.98063	-0.970699	-17.5049}
						{VolumeView "part3.ply"}
					}
				}
			}
			{bone "part1"
				{parameters "ID=body;"}
				{animation
					{sequence "break" {file "body_b.anm"} {speed 0.7}}
				}
				{Position 17.7146	-0.0197589	23.2993}
				{VolumeView "part1.ply"}
			}
			{bone "engine"
				{Position 38.0414	2.11248	6.68695}
				{VolumeView "engine.ply"}
			}
			{bone "part2"
				{parameters "ID=body;"}
				{animation
					{sequence "break" {file "body_b.anm"} {speed 0.7}}
				}
				{Position 60.1716	1.50915	1.18639}
				{VolumeView "part2.ply"}
			}
			{bone "part7"
				{Position 37.9089	15.0231	3.91405}
				{VolumeView "part7.ply"}
			}
		}
	}
}
{Volume "body1"
	{Polyhedron "body1.vol"}
	{Bone "body"}
	{Position 25.6344	-0.0398678	-3.98921}
}
{Volume "body2"
	{Polyhedron "body2.vol"}
	{Bone "body"}
	{Position 25.6344	-0.0398678	-3.98921}
}
{Volume "body3"
	{Box 1.16302 11.7657 54.5276}
	{Bone "body"}
	{Matrix34
		0	-1	0
		0	0	1
		-1	0	0
		-28.047	19.2981	13.0986
	}
}
{Volume "body4"
	{Box 39.7368 11.7657 1.09055}
	{Bone "body"}
	{Matrix34
		0	-1	0
		0	0	1
		-1	0	0
		-54.8747	-0.0612448	13.1721
	}
}
{Volume "body5"
	{Box 1.16302 11.7657 54.5276}
	{Bone "body"}
	{Matrix34
		0	-1	0
		0	0	1
		-1	0	0
		-28.047	-19.4631	13.1615
	}
}
{Volume "body6"
	{Box 39.7368 1.31305 54.4845}
	{Bone "body"}
	{Matrix34
		0	-1	0
		0	0	1
		-1	0	0
		-27.6596	-0.0612405	7.27165
	}
}
{Volume "body7"
	{Box 23.2604 9.43651 54.4401}
	{Bone "body"}
	{Matrix34
		0	-1	0
		0	0	1
		-1	0	0
		-27.9977	0.0100796	1.9924
	}
}
{Volume "bumper"
	{Polyhedron "bumper.vol"}
	{Bone "body"}
	{Position 61.471	-0.0887648	0.351554}
}
{Volume "engine"
	{Polyhedron "engine.vol"}
	{Bone "engine"}
	{Position -12.6709	-1.98801	-10.5246}
}
{Volume "gun"
	{Box 41.4447 15.0288 9.79014}
	{Bone "gun_rot"}
	{Matrix34
		0	0	-1
		0	1	0
		1	0	0
		0.918276	1.33569	-0.0789526
	}
}
{Volume "part1"
	{Box 8.33991 32.8963 0.839783}
	{Bone "part1"}
	{Matrix34
		0.999048	-0.000380636	0.043612
		0.000380936	1	0
		-0.043612	1.54078e-005	0.999049
		0.00708595	0.0230254	-0.162135
	}
}
{Volume "part2"
	{Cylinder 3.66239 10.5903}
	{Bone "part2"}
	{Matrix34
		0.999048	-0.000380632	0.043612
		-0.0431346	-0.156419	0.986749
		0.00644617	-0.987691	-0.156287
		0.0692934	0.450215	0.0612505
	}
}
{Volume "part3"
	{Box 3.8997 9.83685 6.65104}
	{Bone "part3"}
	{Matrix34
		0.954465	0.270404	0.126015
		-0.27137	0.962426	-0.00976423
		-0.12392	-0.0248769	0.991981
		-0.303298	0.014199	0.0381086
	}
}
{Volume "part4"
	{Cylinder 5.43612 6.10447}
	{Bone "part4"}
	{Position 0	0	-1.82507}
}
{Volume "part5"
	{Cylinder 5.81665 6.10447}
	{Bone "part5"}
	{Position -1.47777e-005	-0.000302656	0.0646956}
}
{Volume "part6"
	{Box 1.90573 15.3002 12.1969}
	{Bone "part6"}
	{Matrix34
		0.276709	0.960779	-0.0183169
		-0.960902	0.276842	0.00507028
		0.00994232	0.0161978	0.99982
		-7.24973	1.84607	-0.0561676
	}
}
{Volume "part7"
	{Box 28.2185 12.5479 8.90855}
	{Bone "part7"}
	{Matrix34
		0.953746	-0.0206704	0.299902
		-0.00304203	0.996918	0.0783856
		-0.300597	-0.0756723	0.950744
		-0.445793	-0.184394	0.745787
	}
}
{Volume "trackleft"
	{Polyhedron "trackleft.vol"}
	{Bone "wheelsl"}
	{Matrix34
		-1	0	0
		0	0	1
		0	1	0
		-6.25584	-3.18103	3.96123
	}
}
{Volume "trackright"
	{Polyhedron "trackright.vol"}
	{Bone "wheelsr"}
	{Matrix34
		-1	0	0
		0	0	1
		0	1	0
		-6.25584	-9.92348	3.96123
	}
}
{Volume "turret"
	{Polyhedron "turret.vol"}
	{Bone "turret"}
	{Position 3.72676	0.418481	0.894135}
}
{Volume "wheelleft1"
	{Cylinder 8.14308 5.30124}
	{Bone "wheell1"}
	{Matrix34
		1	0	0
		0	-1	0
		0	0	-1
		-0.132782	-0.0872584	-0.836492
	}
}
{Volume "wheelright1"
	{Cylinder 8.14308 5.30124}
	{Bone "wheelr1"}
	{Matrix34
		1	0	0
		0	-1	0
		0	0	-1
		-0.132786	-0.087253	0.620095
	}
}
