;Exported by: caps
;Date:        Mon Aug 13 14:39:33 2018
;File:        G:\!_Work\Tank_Trap\3D\tank_trap_03.max
{Skeleton
	{bone "hedgehog"
		{Orientation
			1	0	0
			0	-1	0
			0	0	1
		}
		{VolumeView "hedgehog.ply"}
	}
}
{Volume "body1"
	{Box 4.11795 3.82803 43.4605}
	{Bone "hedgehog"}
	{Matrix34
		0.628431	0.381978	-0.67762
		0.0372279	0.855359	0.516696
		0.776974	-0.349934	0.523314
		-2.0025	-2.42902	12.9443
	}
}
{Volume "body2"
	{Box 4.11795 3.82803 41.3305}
	{Bone "hedgehog"}
	{Matrix34
		-0.755693	0.363088	-0.545065
		-0.654021	-0.374626	0.657201
		0.034426	0.853126	0.520568
		1.10251	0.655491	11.1373
	}
}
{Volume "body3"
	{Box 4.11795 3.82803 41.7354}
	{Bone "hedgehog"}
	{Matrix34
		-0.0837458	-0.83439	-0.544776
		0.767011	-0.402979	0.499301
		-0.636145	-0.376035	0.673734
		3.30569	0.478301	15.8801
	}
}
{Volume "body4"
	{Polyhedron "body4.vol"}
	{Bone "hedgehog"}
	{Matrix34
		0.750576	-0.430162	0.501593
		0.0943433	0.821073	0.562972
		-0.654014	-0.375232	0.656861
		-0.256521	-1.81472	11.2756
	}
}
{Volume "body5"
	{Polyhedron "body5.vol"}
	{Bone "hedgehog"}
	{Matrix34
		0.0276404	0.855877	0.51644
		-0.627554	-0.387283	0.675417
		0.778082	-0.342763	0.526404
		2.41037	2.14602	13.8477
	}
}
{Volume "body6"
	{Polyhedron "body6.vol"}
	{Bone "hedgehog"}
	{Matrix34
		-0.77739	0.359486	-0.516172
		-0.627554	-0.387283	0.675417
		0.0428985	0.848988	0.526667
		1.0677	-2.28332	15.9889
	}
}
