;Exported by: Артем
;Date:        Fri Jan 10 15:05:01 2014
;File:        D:\Autodesk\Low poly\freelance\DMS\Vehicles\sdkfz 251\export\Sd.kfz 251 ausf D_x.max
{Skeleton
	{bone "basis"
		{Orientation
			1	0	0
			0	-1	0
			0	0	1
		}
		{bone "pivot_front"
			{Position 46.2664	0.0328064	0}
			{bone revolute "steer_l1"
				{Matrix34
					-1	0	0
					0	1	0
					0	0	-1
					-0.0415802	14.7185	7.83355
				}
				{bone revolute "wheell1"
					{parameters "ID=wheelleft1;Radius=0.43;"}
					{Matrix34
						-1	0	0
						0	0	1
						0	1	0
						-0.0415802	2.12773	0.028532
					}
					{VolumeView "wheell1.ply"}
				}
				{bone "rl"
					{parameters "ID=body;"}
					{Matrix34
						-1	0	0
						0	1	0
						0	0	-1
						0	-0.433071	0
					}
					{VolumeView "rl.ply"}
				}
			}
			{bone revolute "steer_r1"
				{Matrix34
					-1	0	0
					0	1	0
					0	0	-1
					-0.041584	-14.7478	7.83355
				}
				{bone "rr"
					{parameters "ID=body;"}
					{Matrix34
						-1	0	0
						0	0	-1
						0	1	0
						0	0.433485	0
					}
					{VolumeView "rr.ply"}
				}
				{bone revolute "wheelr1"
					{parameters "ID=wheelright1;Radius=0.43;"}
					{Matrix34
						-1	0	0
						0	0	1
						0	1	0
						-0.041584	-2.12733	0.0285358
					}
					{VolumeView "wheelr1.ply"}
				}
			}
		}
		{bone "pivot_back"
			{Position -12.1808	0.0328064	0}
		}
		{bone "wheelsr"
			{parameters "wheelsR;"}
			{animation
				{sequence "break" {file "trackR.anm"}}
			}
			{Position -8.30503	-12.3863	7.92953}
			{VolumeView "wheelsr.ply"}
			{bone revolute "wheelr8"
				{parameters "ID=trackRight;Radius=0.41;"}
				{Matrix34
					-0.898794	0	0.438371
					0.438371	0	0.898794
					0	1	0
					-16.3125	-3.53672	-0.527445
				}
				{VolumeView "wheelr8.ply"}
			}
			{bone revolute "wheelr7"
				{parameters "ID=trackRight;Radius=0.41;"}
				{Matrix34
					0.857167	0	0.515038
					0.515038	0	-0.857167
					0	1	0
					-9.11946	-4.04887	-0.438038
				}
				{VolumeView "wheelr7.ply"}
			}
			{bone revolute "wheelr6"
				{parameters "ID=trackRight;Radius=0.41;"}
				{Matrix34
					0.898794	0	0.438371
					0.438371	0	-0.898794
					0	1	0
					-2.17987	-3.53672	-0.527441
				}
				{VolumeView "wheelr6.ply"}
			}
			{bone revolute "wheelr5"
				{parameters "ID=trackRight;Radius=0.41;"}
				{Matrix34
					1	0	0
					0	0	-1
					0	1	0
					4.87363	-4.04887	-0.438038
				}
				{VolumeView "wheelr7.ply"}
			}
			{bone revolute "wheelr4"
				{parameters "ID=trackRight;Radius=0.41;"}
				{Matrix34
					0.995396	0	-0.0958457
					-0.0958457	0	-0.995396
					0	1	0
					11.8451	-3.53672	-0.527445
				}
				{VolumeView "wheelr8.ply"}
			}
			{bone revolute "wheelr3"
				{parameters "ID=trackRight;Radius=0.41;"}
				{Matrix34
					0.927184	0	-0.374607
					-0.374607	0	-0.927184
					0	1	0
					19.0381	-4.04887	-0.438038
				}
				{VolumeView "wheelr7.ply"}
			}
			{bone "trackr"
				{parameters "CommonMesh;ID=trackright;"}
				{Position 3.08974	-3.58371	0.510248}
				{VolumeView "trackr.ply"}
			}
		}
		{bone "wheelsl"
			{parameters "wheelsL;"}
			{animation
				{sequence "break" {file "trackL.anm"}}
			}
			{Position -8.30504	12.423	7.92952}
			{VolumeView "wheelsl.ply"}
			{bone revolute "wheell3"
				{parameters "ID=trackleft;Radius=0.41;"}
				{Matrix34
					1	0	0
					0	0	-1
					0	1	0
					19.0381	4.04886	-0.438035
				}
				{VolumeView "wheell3.ply"}
			}
			{bone revolute "wheell4"
				{parameters "ID=trackleft;Radius=0.41;"}
				{Matrix34
					0.793353	0	-0.608761
					-0.608761	0	-0.793353
					0	1	0
					11.8451	3.53672	-0.527436
				}
				{VolumeView "wheell4.ply"}
			}
			{bone revolute "wheell5"
				{parameters "ID=trackleft;Radius=0.41;"}
				{Matrix34
					0.809017	0	0.587785
					0.587785	0	-0.809017
					0	1	0
					4.87676	4.04887	-0.438035
				}
				{VolumeView "wheell3.ply"}
			}
			{bone revolute "wheell6"
				{parameters "ID=trackleft;Radius=0.41;"}
				{Matrix34
					0.898794	0	-0.438371
					-0.438371	0	-0.898794
					0	1	0
					-2.17987	3.53673	-0.527433
				}
				{VolumeView "wheell6.ply"}
			}
			{bone revolute "wheell7"
				{parameters "ID=trackleft;Radius=0.41;"}
				{Matrix34
					1	0	0
					0	0	-1
					0	1	0
					-9.11877	4.04887	-0.438035
				}
				{VolumeView "wheell3.ply"}
			}
			{bone revolute "wheell8"
				{parameters "ID=trackleft;Radius=0.41;"}
				{Matrix34
					0.996917	0	-0.0784591
					-0.0784591	0	-0.996917
					0	1	0
					-16.3118	3.53672	-0.527435
				}
				{VolumeView "wheell4.ply"}
			}
			{bone "trackl"
				{parameters "CommonMesh;ID=trackLeft;"}
				{Matrix34
					1	0	0
					0	-1	0
					0	0	1
					3.08974	3.51125	0.510254
				}
				{VolumeView "trackl.ply"}
			}
		}
		{bone "body"
			{parameters "ID=body;"}
			{animation
				{sequence "break" {file "body_b.anm"} {speed 0.7}}
			}
			{Position -1.043	0.0189285	13.9326}
			{VolumeView "body.ply"}
			{bone "detail4"
				{Matrix34
					1	0	0
					0	0.824126	0.566406
					0	-0.566406	0.824126
					2.58415	17.6782	16.1745
				}
				{VolumeView "detail4.ply"}
			}
			{bone "detail5"
				{Matrix34
					0.930418	0.210216	-0.30022
					0	0.819152	0.573576
					0.366501	-0.533666	0.762153
					-10.431	17.6322	18.1029
				}
				{VolumeView "detail5.ply"}
			}
			{bone "detail7"
				{Matrix34
					-0.224951	0.572721	-0.788281
					0	0.809016	0.587786
					0.97437	0.132223	-0.181989
					-46.7853	18.0195	17.4596
				}
				{VolumeView "detail7.ply"}
			}
			{bone "detail9"
				{Position -40.1548	-17.4453	18.4438}
				{VolumeView "detail9.ply"}
			}
			{bone "detail8"
				{Matrix34
					0.994672	0.0573588	0.0856598
					-0.0959721	0.818621	0.566259
					-0.037643	-0.571463	0.819764
					2.1181	-18.0554	17.5234
				}
				{VolumeView "detail8.ply"}
			}
			{bone revolute "turret_mgun"
				{limits -40 40}
				{speed 0.03}
				{Position 5.32793	-0.00322866	22.2298}
				{VolumeView "turret_mgun.ply"}
			}
			{bone revolute "steer_b"
				{Matrix34
					-0.594823	0	0.803856
					0	-1	0
					0.803856	0	0.594823
					18.4408	7.1631	10.1408
				}
				{bone "handwheel"
					{Orientation
						-0.594823	0	0.803857
						0	-1	0
						0.803857	0	0.594823
					}
					{VolumeView "handwheel.ply"}
				}
			}
			{bone revolute "wheell2"
				{parameters "ID=trackleft;Radius=0.41;"}
				{Matrix34
					1	0	0
					0	0	-1
					0	1	0
					23.7862	16.0256	-4.63153
				}
				{VolumeView "wheell2.ply"}
			}
			{bone revolute "wheell9"
				{parameters "ID=trackleft;Radius=0.41;"}
				{Matrix34
					0.190809	0	0.981627
					0.981627	0	-0.190809
					0	1	0
					-32.0511	16.4529	-5.63872
				}
				{VolumeView "wheell9.ply"}
			}
			{bone revolute "wheelr2"
				{parameters "ID=trackRight;Radius=0.41;"}
				{Matrix34
					1	0	0
					0	0	-1
					0	1	0
					23.7862	-16.0268	-4.63153
				}
				{VolumeView "wheelr2.ply"}
			}
			{bone revolute "wheelr9"
				{parameters "ID=trackRight;Radius=0.41;"}
				{Matrix34
					0.782608	0	0.622515
					0.622515	0	-0.782608
					0	1	0
					-32.0511	-16.4541	-5.63872
				}
				{VolumeView "wheelr9.ply"}
			}
			{bone "detail2"
				{Position 44.2541	17.3006	6.6863}
				{VolumeView "detail2.ply"}
			}
			{bone "detail1"
				{Position 43.7148	-16.2486	6.77037}
				{VolumeView "detail1.ply"}
			}
			{bone "at1"
				{parameters "ID=body;"}
				{Position 2.22445	-15.2068	20.8425}
				{VolumeView "at1.ply"}
				{bone "at2"
					{parameters "ID=body;"}
					{Position -0.201257	-0.0224495	8.95134}
					{VolumeView "at2.ply"}
					{bone "at3"
						{parameters "ID=body;"}
						{Position -0.439861	-0.0168514	8.94941}
						{VolumeView "at3.ply"}
						{bone "at4"
							{parameters "ID=body;"}
							{Position -0.520019	-0.0112	4.53561}
							{VolumeView "at4.ply"}
						}
					}
				}
			}
			{bone "engine"
				{parameters "CommonMesh;ID=engine;"}
				{animation
					{sequence "break" {file "engine_b.anm"} {speed 0.6}}
				}
				{Position 36.1774	0	5.0615}
				{VolumeView "engine.ply"}
			}
			{bone "detail3"
				{Matrix34
					0	-1	0
					-0.300706	0	0.953717
					0.953717	0	0.300706
					55.7462	-0.694282	6.80135
				}
				{VolumeView "detail3.ply"}
			}
			{bone "doorright"
				{Matrix34
					0.00253849	-0.999986	-0.0045794
					-0.486329	-0.00523591	0.87376
					-0.873772	0	-0.486335
					-55.406	-10.1392	15.5367
				}
				{VolumeView "doorright.ply"}
			}
			{bone "doorleft"
				{Matrix34
					0.00253849	-0.999986	-0.0045794
					-0.486329	-0.00523591	0.87376
					-0.873772	0	-0.486335
					-55.406	10.1236	15.5367
				}
				{VolumeView "doorleft.ply"}
			}
		}
	}
}
{Volume "wheelleft1"
	{Cylinder 6.44105 4.28419}
	{Bone "wheell1"}
	{Matrix34
		1	0	0
		0	-1	0
		0	0	-1
		0.120667	-0.0284202	-0.411326
	}
}
{Volume "wheelright1"
	{Cylinder 6.44105 4.28419}
	{Bone "wheelr1"}
	{Matrix34
		1	0	0
		0	-1	0
		0	0	-1
		-0.00285721	-0.0389635	0.277603
	}
}
