;Exported by: Mauzer
;Date:        Fri Aug 13 18:04:05 2010
;File:        E:\Autodesk\Low poly\freelance\DMS\Sherman\M4A3E8 76_xx.max
{Skeleton
	{bone "basis"
		{Orientation
			1	0	0
			0	-1	0
			0	0	1
		}
		{bone "body"
			{parameters "ID=body;"}
			{Matrix34
				0.999041	-0.00113744	-0.0437673
				-0.00343163	-0.998621	-0.0523784
				0.0436474	-0.0524783	0.997668
				-5.06875	-0.0762554	22.359
			}
			{VolumeView "body.ply"}
			{bone "d1"
				{Position 0	0	0}
				{VolumeView "d1.ply"}
			}
			{bone revolute "turret"
				{parameters "ID=turret;"}
				{speed 0.01}
				{Matrix34
					0.993841	-0.0740862	-0.0824088
					-0.0742357	-0.99724	0.00125252
					0.0822741	-0.00487287	0.996598
					2.12417	-0.0188007	14.4907
				}
				{VolumeView "turret.ply"}
				{bone "part5"
					{Matrix34
						0.989542	0.136021	0.0480133
						-0.115561	0.946761	-0.300482
						0.086329	-0.291791	-0.952578
						-10.0516	-14.3079	17.4421
					}
					{VolumeView "part5.ply"}
				}
				{bone revolute "gun_rot"
					{parameters "ID=gun;"}
					{limits -10 15}
					{speed 0.01}
					{Matrix34
						0.998418	0.0111684	-0.0551096
						0.0558078	-0.0769617	0.995471
						0.00687644	-0.996972	-0.0774633
						17.8038	0.0508308	6.70381
					}
					{VolumeView "gun_rot.ply"}
					{bone "gun"
						{parameters "ID=gun;"}
						{Matrix34
							1	0	0
							0	0	1
							0	1	0
							18.1938	-1.51126	-0.659355
						}
						{VolumeView "gun.ply"}
					}
				}
			}
			{bone "shieldr1"
				{parameters "ID=shieldR1;"}
				{Position 53.3693	21.8701	-2.22898}
				{VolumeView "shieldr1.ply"}
			}
			{bone "shieldl1"
				{parameters "ID=shieldL1;"}
				{Position 53.3692	-21.8702	-2.22901}
				{VolumeView "shieldl1.ply"}
			}
			{bone revolute "wheelr1"
				{parameters "ID=trackRight;Radius=0.33;"}
				{Matrix34
					0.983287	0.181849	0.0088147
					0.0102771	-0.00710104	-0.999922
					-0.181772	0.983301	-0.00885123
					52.5261	21.8467	-8.7166
				}
				{VolumeView "wheelr1.ply"}
			}
			{bone revolute "part4"
				{parameters "ID=trackRight;Radius=0.4;"}
				{Matrix34
					1	0	0
					0	0	-1
					0	1	0
					-43.4218	21.7025	-8.83069
				}
				{VolumeView "part4.ply"}
			}
			{bone revolute "part1"
				{parameters "ID=trackleft;Radius=0.33;"}
				{Matrix34
					1	0	0
					0	0	-1
					0	-1	0
					52.5261	-21.848	-8.71657
				}
				{VolumeView "part1.ply"}
			}
			{bone revolute "wheell10"
				{parameters "ID=trackleft;Radius=0.17;"}
				{Matrix34
					1	0	0
					0	0	-1
					0	-1	0
					20.1107	-21.4967	-5.5907
				}
				{VolumeView "wheell10.ply"}
			}
			{bone revolute "wheell12"
				{parameters "ID=trackleft;Radius=0.17;"}
				{Matrix34
					0.996514	-0.0420952	-0.0720254
					-0.0680763	0.0887191	-0.993728
					-0.0482212	-0.995167	-0.0855441
					-8.64987	-21.4967	-5.5907
				}
				{VolumeView "wheell10.ply"}
			}
			{bone revolute "wheelr13"
				{parameters "ID=trackRight;Radius=0.14;"}
				{Matrix34
					1	0	0
					0	0	-1
					0	1	0
					-22.8266	19.4141	-5.11383
				}
				{VolumeView "wheelr13.ply"}
			}
			{bone revolute "wheelr12"
				{parameters "ID=trackRight;Radius=0.17;"}
				{Matrix34
					1	0	0
					0	0	-1
					0	1	0
					-8.65122	21.4953	-5.59072
				}
				{VolumeView "wheelr12.ply"}
			}
			{bone revolute "wheelr9"
				{parameters "ID=trackRight;Radius=0.14;"}
				{Matrix34
					1	0	0
					0	0	-1
					0	1	0
					33.8839	19.4141	-5.11383
				}
				{VolumeView "wheelr13.ply"}
			}
			{bone revolute "mgun_rot2"
				{limits -15 15}
				{Matrix34
					1	0	0
					0	0	1
					0	1	0
					41.4762	9.65834	4.65157
				}
				{bone revolute "mgun"
					{limits -15 15}
					{Orientation
						1	0	0
						0	0	-1
						0	1	0
					}
					{VolumeView "mgun.ply"}
				}
			}
			{bone "engine"
				{parameters "CommonMesh;ID=engine;"}
				{Position -33.0403	-0.12022	13.5561}
				{VolumeView "engine.ply"}
			}
			{bone "part6"
				{parameters "ID=body;"}
				{Position 5.54134	21.4115	-12.438}
				{VolumeView "part6.ply"}
			}
			{bone "part3"
				{parameters "ID=body;"}
				{animation
					{sequence "break" {file "body_b.anm"} {speed 0.7}}
				}
				{Position -54.7654	0.00516033	5.81349}
				{VolumeView "part3.ply"}
			}
		}
		{bone "wheelsl"
			{parameters "wheelsL;"}
			{Position -0.42522	21.3735	0}
			{bone revolute "part2"
				{parameters "ID=trackleft;Radius=0.26;"}
				{Matrix34
					1	0	0
					0	0.14781	-0.989016
					0	0.989016	0.14781
					-7.69806	0.203453	6.61473
				}
				{VolumeView "part2.ply"}
			}
			{bone revolute "wheell7"
				{parameters "ID=trackleft;Radius=0.26;"}
				{Matrix34
					0.99863	-0.0523369	0
					0	0	-1
					0.0523369	0.99863	0
					-36.2884	0.203476	6.61473
				}
				{VolumeView "part2.ply"}
			}
			{bone revolute "wheell2"
				{parameters "ID=trackleft;Radius=0.26;"}
				{Matrix34
					1	0	0
					0	-0.139172	-0.990268
					0	0.990268	-0.139172
					37.9794	0.203417	6.61473
				}
				{VolumeView "part2.ply"}
			}
		}
		{bone "wheelsr"
			{parameters "wheelsR;"}
			{Position -0.425221	-21.2665	0}
			{bone revolute "wheelr3"
				{parameters "ID=trackRight;Radius=0.26;"}
				{Matrix34
					1	0	0
					0	0.069757	-0.997564
					0	-0.997564	-0.069757
					20.7058	-0.461578	6.61469
				}
				{VolumeView "wheelr3.ply"}
			}
			{bone revolute "wheelr6"
				{parameters "ID=trackRight;Radius=0.26;"}
				{Matrix34
					0.979925	0.199368	0
					0.00173967	-0.00855076	-0.999962
					0.19936	-0.979887	0.00872593
					-19.0034	-0.461571	6.6147
				}
				{VolumeView "wheelr3.ply"}
			}
		}
	}
}
{Volume "body1"
	{Polyhedron "body1.vol"}
	{Bone "body"}
	{Matrix34
		1	0	0
		0	-1	0
		0	0	1
		16.9573	-0.0013535	6.35378
	}
}
{Volume "body2"
	{Polyhedron "body2.vol"}
	{Bone "body"}
	{Matrix34
		1	0	0
		0	-1	0
		0	0	1
		8.52199	-0.00130582	-6.62426
	}
}
{Volume "body3"
	{Polyhedron "body3.vol"}
	{Bone "body"}
	{Matrix34
		1	0	0
		0	-1	0
		0	0	1
		-3.55566	-0.0014075	-0.985117
	}
}
{Volume "engine"
	{Polyhedron "engine.vol"}
	{Bone "engine"}
	{Matrix34
		1	0	0
		0	-1	0
		0	0	1
		-2.13177	-0.00152302	-5.14701
	}
}
{Volume "gun"
	{Cylinder 1.58477 60.4331}
	{Bone "gun_rot"}
	{Matrix34
		0	0	-1
		0	1	0
		1	0	0
		33.7724	-0.335736	-0.65934
	}
}
{Volume "mantlet"
	{Polyhedron "mantlet.vol"}
	{Bone "gun_rot"}
	{Matrix34
		-1	0	0
		0	1	0
		0	0	-1
		1.91908	-0.0338593	-6.86646e-005
	}
}
{Volume "part1"
	{Cylinder 6.90473 7.39923}
	{Bone "part1"}
	{Position 0.033775	0.0118206	-0.0803554}
}
{Volume "part2"
	{Cylinder 5.46878 7.10172}
	{Bone "part2"}
	{Position 0	0	-0.195459}
}
{Volume "part3"
	{Box 6.36009 6.58156 27.2652}
	{Bone "part3"}
	{Matrix34
		-0.933585	0.00312991	0.358343
		0.35834	-0.00140775	0.93359
		-0.00342651	-0.999994	-0.00019269
		-0.33415	0.0768118	0.877594
	}
}
{Volume "part4"
	{Cylinder 6.2822 7.75907}
	{Bone "part4"}
	{Matrix34
		-1	0	0
		0	-1	0
		0	0	-1
		0.0113564	0.102052	-0.0434897
	}
}
{Volume "part5"
	{Cylinder 5.22995 1.4277}
	{Bone "part5"}
	{Matrix34
		-1	0	0
		0	-1	0
		0	0	-1
		1.63902	-6.06086	-0.384344
	}
}
{Volume "part6"
	{Box 19.4249 11.5362 8.07194}
	{Bone "part6"}
	{Matrix34
		-0.999041	0.00343129	-0.0436464
		-0.0436153	0.00868377	0.999011
		-0.00380691	-0.999957	0.00852579
		-0.172264	0.0100379	-0.151697
	}
}
{Volume "trackleft"
	{Polyhedron "trackleft.vol"}
	{Bone "wheelsl"}
	{Matrix34
		-1	0	0
		0	0	1
		0	1	0
		-0.601598	-5.54719	12.4163
	}
}
{Volume "trackright"
	{Polyhedron "trackright.vol"}
	{Bone "wheelsr"}
	{Matrix34
		-1	0	0
		0	0	1
		0	1	0
		-0.601595	-5.95936	12.4797
	}
}
{Volume "turret1"
	{Polyhedron "turret1.vol"}
	{Bone "turret"}
	{Matrix34
		1	0	0
		0	1	0
		0	0	1
		0	0	-0.826363
	}
}
