;Exported by: butyvsky
;Date:        Mon May 26 17:31:49 2008
;File:        D:\-Projects-\-3D Work-\Tank\A41_Centurion\Centurion01_xx.max
{Skeleton
	{bone "basis"
		{Orientation
			1	0	0
			0	-1	0
			0	0	1
		}
		{bone "body"
			{parameters "ID=body;"}
			{Position -0.0590551	0.0434191	24.685}
			{VolumeView "body.ply"}
			{bone revolute "wheelr9"
				{parameters "ID=trackright;"}
				{Matrix34
					-1	0	0
					0	0	1
					0	1	0
					37.7673	-26.1263	-1.75412
				}
				{VolumeView "wheelr9.ply"}
			}
			{bone revolute "wheelr10"
				{parameters "ID=trackright;"}
				{Matrix34
					-1	0	0
					0	0	1
					0	1	0
					13.2673	-26.1263	-1.75412
				}
				{VolumeView "wheelr10.ply"}
			}
			{bone revolute "wheelr11"
				{parameters "ID=trackright;"}
				{Matrix34
					-1	0	0
					0	0	1
					0	1	0
					-9.58912	-26.1263	-1.75412
				}
				{VolumeView "wheelr11.ply"}
			}
			{bone revolute "wheelr12"
				{parameters "ID=trackright;"}
				{Matrix34
					-1	0	0
					0	0	1
					0	1	0
					-33.0201	-26.1263	-1.75412
				}
				{VolumeView "wheelr12.ply"}
			}
			{bone revolute "wheelr8"
				{parameters "ID=trackright;"}
				{Matrix34
					1	0	0
					0	0.129183	-0.991621
					0	0.991621	0.129183
					-57.8206	-25.8798	-7.45896
				}
				{VolumeView "wheelr8.ply"}
			}
			{bone revolute "wheell9"
				{parameters "ID=trackleft;"}
				{Matrix34
					-1	0	0
					0	0	1
					0	1	0
					37.7673	26.1851	-1.75412
				}
				{VolumeView "wheell9.ply"}
			}
			{bone revolute "wheell10"
				{parameters "ID=trackleft;"}
				{Matrix34
					-1	0	0
					0	0	1
					0	1	0
					13.2673	26.1851	-1.75412
				}
				{VolumeView "wheell10.ply"}
			}
			{bone revolute "wheell11"
				{parameters "ID=trackleft;"}
				{Matrix34
					-1	0	0
					0	0	1
					0	1	0
					-9.58912	26.1851	-1.75412
				}
				{VolumeView "wheell11.ply"}
			}
			{bone revolute "wheell12"
				{parameters "ID=trackleft;"}
				{Matrix34
					-1	0	0
					0	0	1
					0	1	0
					-33.0201	26.1852	-1.75412
				}
				{VolumeView "wheell12.ply"}
			}
			{bone revolute "turret"
				{parameters "ID=turret;"}
				{Matrix34
					0.970667	-0.239391	-0.0223032
					0.23956	0.970868	0.00519524
					0.0204098	-0.0103858	0.999738
					10.2422	9.22102	9.79127
				}
				{VolumeView "turret.ply"}
				{bone revolute "gun_rot"
					{parameters "ID=gun;"}
					{Matrix34
						1	0	0
						0	0	-1
						0	1	0
						26.0247	-0.0251293	8.67682
					}
					{VolumeView "gun_rot.ply"}
					{bone revolute "mgun1"
						{Matrix34
							0	0	1
							0	-1	0
							1	0	0
							3.36543	-0.827015	7.20458
						}
						{VolumeView "mgun1.ply"}
					}
					{bone "gun"
						{parameters "ID=gun;"}
						{Matrix34
							0.987191	0.150996	-0.0515256
							0.0528756	-0.00493656	0.998589
							0.150528	-0.988522	-0.0128573
							0.956062	-0.643791	0.0629091
						}
						{VolumeView "gun.ply"}
					}
				}
				{bone revolute "turret_mgun"
					{parameters "ID=turret;"}
					{Position -11.4416	-8.44667	20.7179}
					{VolumeView "turret_mgun.ply"}
					{bone "cover"
						{parameters "ID=turret;"}
						{Matrix34
							0.819152	-0.573576	0
							-0.567154	-0.80998	0.149225
							-0.0855917	-0.122238	-0.988803
							-4.48945	-6.08147	0.809563
						}
						{VolumeView "cover.ply"}
					}
				}
			}
			{bone revolute "wheell8"
				{parameters "ID=trackleft;"}
				{Matrix34
					1	0	0
					0	0	-1
					0	1	0
					-57.8206	25.7664	-7.45896
				}
				{VolumeView "wheell8.ply"}
			}
			{bone revolute "wheell1"
				{parameters "ID=trackleft;"}
				{Matrix34
					1	0	0
					0	-0.179293	-0.983796
					0	0.983796	-0.179293
					64.3566	26.9103	-6.86504
				}
				{VolumeView "wheell1.ply"}
			}
			{bone revolute "part3"
				{Matrix34
					1	0	0
					0	0.0901329	-0.99593
					0	0.99593	0.0901329
					64.3505	-26.7609	-6.86504
				}
				{VolumeView "part3.ply"}
			}
			{bone "part5"
				{Matrix34
					0.99499	-0.0187187	-0.0982115
					0.0305296	0.992283	0.120173
					0.0952042	-0.122569	0.987883
					-39.0783	33.2325	-4.21056
				}
				{VolumeView "part5.ply"}
			}
			{bone "shieldl1"
				{parameters "ID=shieldl1;"}
				{Matrix34
					0.999025	-0.000325839	-0.04414
					0.0038186	0.996862	0.0790679
					0.0439757	-0.0791594	0.995892
					44.8245	33.2325	-4.29948
				}
				{VolumeView "shieldl1.ply"}
			}
			{bone "shieldl2"
				{parameters "ID=shieldl2;"}
				{Matrix34
					0.994919	0.0170859	0.0992208
					-0.0122819	0.998732	-0.0488281
					-0.0999292	0.0473613	0.993867
					2.31746	33.2325	-4.25923
				}
				{VolumeView "shieldl2.ply"}
			}
			{bone "shieldr1"
				{parameters "ID=shieldR1;"}
				{Matrix34
					0.996851	-0.0212759	-0.0763878
					0.0289087	0.994542	0.10025
					0.073838	-0.102142	0.992026
					44.827	-33.5299	-4.2995
				}
				{VolumeView "shieldr1.ply"}
			}
			{bone "shieldr2"
				{parameters "ID=shieldR2;"}
				{Matrix34
					0.998857	0.00566129	0.0474532
					0	0.992959	-0.118462
					-0.0477897	0.118327	0.991824
					2.36463	-33.986	-3.7142
				}
				{VolumeView "shieldr2.ply"}
			}
			{bone "shieldr3"
				{parameters "ID=shieldR3;"}
				{Position -39.7061	-33.6693	-3.72819}
				{VolumeView "shieldr3.ply"}
			}
			{bone "engine"
				{parameters "ID=engine;"}
				{Position -41.8626	-0.0376284	11.9672}
				{VolumeView "engine.ply"}
			}
		}
		{bone "wheelsl"
			{parameters "ID=trackleft;"}
			{Matrix34
				1	0	0
				0	0	1
				0	-1	0
				1.99149	20.3978	13.7004
			}
			{VolumeView "wheelsl.ply"}
			{bone revolute "wheell2"
				{parameters "ID=trackleft;"}
				{Matrix34
					1	0	0
					0	-0.987348	0.158565
					0	-0.158565	-0.987348
					44.1639	-4.02381	-5.75847
				}
				{VolumeView "wheell2.ply"}
			}
			{bone revolute "wheell3"
				{parameters "ID=trackleft;"}
				{Matrix34
					1	0	0
					0	-0.992688	0.120711
					0	-0.120711	-0.992688
					26.7959	-4.02381	-5.75847
				}
				{VolumeView "wheell2.ply"}
			}
			{bone revolute "part2"
				{Matrix34
					1	0	0
					0	-1	0
					0	0	-1
					8.80334	-4.02381	-5.75848
				}
				{VolumeView "wheell2.ply"}
			}
			{bone revolute "part1"
				{Matrix34
					1	0	0
					0	-0.977095	0.212802
					0	-0.212802	-0.977095
					-8.64726	-4.02381	-5.75848
				}
				{VolumeView "wheell2.ply"}
			}
			{bone revolute "wheell6"
				{parameters "ID=trackleft;"}
				{Matrix34
					1	0	0
					0	-0.984956	0.172806
					0	-0.172806	-0.984956
					-26.5185	-4.02381	-5.75848
				}
				{VolumeView "wheell2.ply"}
			}
			{bone revolute "wheell7"
				{parameters "ID=trackleft;"}
				{Matrix34
					1	0	0
					0	-0.99472	0.102621
					0	-0.102621	-0.99472
					-44.1631	-4.02381	-5.75848
				}
				{VolumeView "wheell2.ply"}
			}
		}
		{bone "wheelsr"
			{parameters "ID=trackright;"}
			{Matrix34
				1	0	0
				0	0	1
				0	1	0
				1.99149	-20.0209	13.7004
			}
			{VolumeView "wheelsr.ply"}
			{bone revolute "wheelr2"
				{parameters "ID=trackright;"}
				{Matrix34
					-1	0	0
					0	1	0
					0	0	1
					44.1639	-4.02381	-6.11254
				}
				{VolumeView "wheell2.ply"}
			}
			{bone revolute "wheelr3"
				{parameters "ID=trackright;"}
				{Matrix34
					-1	0	0
					0	1	0
					0	0	1
					26.7834	-4.02381	-6.11253
				}
				{VolumeView "wheell2.ply"}
			}
			{bone revolute "wheelr5"
				{parameters "ID=trackright;"}
				{Matrix34
					-1	0	0
					0	1	0
					0	0	1
					-8.66507	-4.02381	-6.11251
				}
				{VolumeView "wheell2.ply"}
			}
			{bone revolute "part4"
				{Matrix34
					-1	0	0
					0	0.992581	0.121584
					0	-0.121584	0.992581
					-26.5402	-4.02381	-6.1125
				}
				{VolumeView "wheell2.ply"}
			}
			{bone revolute "wheelr7"
				{parameters "ID=trackright;"}
				{Matrix34
					-1	0	0
					0	0.998338	-0.057622
					0	0.057622	0.998338
					-44.2013	-4.02381	-6.11249
				}
				{VolumeView "wheell2.ply"}
			}
		}
	}
}
{Volume "body1"
	{Polyhedron "body1.vol"}
	{Bone "body"}
	{Position -47.7381	-0.844579	-15.4045}
}
{Volume "body"
	{Polyhedron "body.vol"}
	{Bone "body"}
	{Position 2.33796	-0.850782	-24.6937}
}
{Volume "engine"
	{Polyhedron "engine.vol"}
	{Bone "engine"}
	{Position -6.10641	-0.80695	-11.9743}
}
{Volume "gun"
	{Cylinder 1.95449 71.9996}
	{Bone "gun"}
	{Matrix34
		-0.000145579	0.947344	-0.320217
		-0.00824283	0.320205	0.947312
		0.999966	0.00277764	0.00776184
		36.7731	-0.1058	0.574873
	}
}
{Volume "part1"
	{Cylinder 8.61503 9.00623}
	{Bone "part1"}
	{Position 0	0	0}
}
{Volume "part2"
	{Cylinder 8.52973 9.00623}
	{Bone "part2"}
	{Position 0	0	0}
}
{Volume "part3"
	{Cylinder 8.57742 6.39194}
	{Bone "part3"}
	{Position 0.0136261	0.00267029	0.517473}
}
{Volume "part4"
	{Cylinder 8.61504 9.16888}
	{Bone "part4"}
	{Matrix34
		-1	0	0
		0	-1	0
		0	0	1
		0	0	0.103191
	}
}
{Volume "part5"
	{Polyhedron "part5.vol"}
	{Bone "part5"}
	{Position 0	0	0}
}
{Volume "shieldl1"
	{Polyhedron "shieldl1.vol"}
	{Bone "shieldl1"}
}
{Volume "shieldl2"
	{Box 35.7417 1.43867 17.339}
	{Bone "shieldl2"}
	{Position 0	0	0}
}
{Volume "shieldr1"
	{Polyhedron "shieldr1.vol"}
	{Bone "shieldr1"}
	{Position 0	0	0}
}
{Volume "shieldr2"
	{Box 35.2098 2.07752 17.339}
	{Bone "shieldr2"}
	{Position 0	0	0}
}
{Volume "shieldr3"
	{Polyhedron "shieldr3.vol"}
	{Bone "shieldr3"}
	{Position 0	0	0}
}
{Volume "trackleft"
	{Polyhedron "trackleft.vol"}
	{Bone "wheelsl"}
	{Matrix34
		1	0	0
		0	0	-1
		0	1	0
		0.371612	-13.7004	-5.75595
	}
}
{Volume "trackright"
	{Polyhedron "trackright.vol"}
	{Bone "wheelsr"}
	{Matrix34
		1	0	0
		0	0	1
		0	1	0
		0.37161	-13.7004	-6.43114
	}
}
{Volume "turret"
	{Polyhedron "turret.vol"}
	{Bone "turret"}
	{Position 2.78215	-1.2459	0.0299797}
}
