;Exported by: IROKEZ
;Date:        Mon Apr 02 22:55:29 2012
;File:        C:\Program Files (x86)\Autodesk\3dsMax8\scenes\t34-76\t34-76_xx.max
{Skeleton
	{bone "basis"
		{Orientation
			1	0	0
			0	-1	0
			0	0	1
		}
		{bone "body"
			{parameters "ID=body;"}
			{Position -0.116119	0	20.5126}
			{VolumeView "body.ply"}
			{bone revolute "wheelr1"
				{parameters "ID=trackright;"}
				{Matrix34
					1	0	0
					0	0	-1
					0	-1	0
					49.6608	-24.1951	-6.29723
				}
				{VolumeView "wheelr1.ply"}
			}
			{bone revolute "wheelr7"
				{parameters "ID=trackright;"}
				{Matrix34
					1	0	0
					0	0	-1
					0	-1	0
					-52.1053	-24.5186	-8.30809
				}
				{VolumeView "wheelr7.ply"}
			}
			{bone revolute "wheell1"
				{parameters "ID=trackleft;"}
				{Matrix34
					1	0	0
					0	0	-1
					0	1	0
					49.6608	24.1951	-6.29723
				}
				{VolumeView "wheell1.ply"}
			}
			{bone revolute "wheell7"
				{parameters "ID=trackleft;"}
				{Matrix34
					1	0	0
					0	0	-1
					0	1	0
					-52.1053	24.5186	-8.30809
				}
				{VolumeView "wheell7.ply"}
			}
			{bone "engine"
				{parameters "ID=engine;"}
				{Position -25.2721	0	-3.19532}
				{VolumeView "engine.ply"}
				{bone "part3"
					{parameters "ID=engine;"}
					{Matrix34
						0.999598	0	0.0283536
						0	1	0
						-0.0283536	0	0.999598
						-2.19297	0	16.4437
					}
					{VolumeView "part3.ply"}
				}
				{bone "part2"
					{parameters "ID=engine;"}
					{Matrix34
						0.998492	0	0.0548939
						0	1	0
						-0.0548939	0	0.998492
						-32.97	-4.95911e-005	0.448238
					}
					{VolumeView "part2.ply"}
				}
				{bone "part1"
					{parameters "ID=engine;"}
					{Matrix34
						0.984808	0	0.173648
						0	1	0
						-0.173648	0	0.984808
						-18.001	0	13.8537
					}
					{VolumeView "part1.ply"}
				}
			}
			{bone "part5"
				{parameters "ID=body;"}
				{Matrix34
					0.707107	0	0.707107
					0	1	0
					-0.707107	0	0.707107
					34.9895	5.14881	8.19492
				}
				{VolumeView "part5.ply"}
			}
			{bone revolute "turret"
				{parameters "ID=turret;"}
				{Position 9.85062	0	11.7863}
				{VolumeView "turret.ply"}
				{bone "enumerator1"
					{Matrix34
						0.966086	0.258188	0.00399874
						-0.094414	0.33878	0.936117
						0.240339	-0.904747	0.351667
						7.1025	-14.0145	9.56511
					}
					{VolumeView "enumerator1.ply"}
				}
				{bone "enumerator"
					{Matrix34
						-0.967114	0.25431	0.00399875
						-0.0858135	-0.341059	0.936117
						0.239428	0.904989	0.351666
						7.10251	14.0146	9.56492
					}
					{VolumeView "enumerator.ply"}
				}
				{bone revolute "gun_rot"
					{parameters "ID=gun_rot;"}
					{limits -5 10}
					{Matrix34
						1	0	0
						0	0	1
						0	-1	0
						14.5275	-0.536579	7.20461
					}
					{VolumeView "gun_rot.ply"}
					{bone "gun"
						{parameters "ID=gun;"}
						{Matrix34
							1	0	0
							0	0	-1
							0	1	0
							26.0773	1.40404	-0.313522
						}
						{VolumeView "gun.ply"}
					}
				}
				{bone "part4"
					{parameters "ID=turret;"}
					{Matrix34
						0.939693	0	-0.34202
						0	1	0
						0.34202	0	0.939693
						2.262	6.061	19.3671
					}
					{VolumeView "part4.ply"}
				}
				{bone "part6"
					{parameters "ID=turret;"}
					{Matrix34
						0.996195	0	0.0871557
						0	1	0
						-0.0871557	0	0.996195
						-8.428	6.061	19.3671
					}
					{VolumeView "part6.ply"}
				}
			}
			{bone revolute "mgun_rot1"
				{limits -5 5}
				{Position 41.2396	-10.8693	4.86788}
				{bone revolute "mgun_rot"
					{parameters "ID=mgun;"}
					{limits -8 5}
					{Matrix34
						1	0	0
						0	0	1
						0	-1	0
						1.67338	-0.0325937	0.465979
					}
					{VolumeView "mgun_rot.ply"}
					{bone "mgun"
						{parameters "ID=body;"}
						{Matrix34
							1	0	0
							0	0	-1
							0	1	0
							3.15919	-1.12154	-0.000182152
						}
						{VolumeView "mgun.ply"}
					}
				}
			}
		}
		{bone "wheelsr"
			{parameters "ID=trackright;"}
			{Matrix34
				1	0	0
				0	-1	0
				0	0	1
				3.70867	-21.033	9.50104
			}
			{VolumeView "wheelsr.ply"}
			{bone revolute "wheelr2"
				{parameters "ID=trackright;"}
				{Matrix34
					1	0	0
					0	0	-1
					0	1	0
					32.3292	3.12768	-0.389288
				}
				{VolumeView "wheelr2.ply"}
			}
			{bone revolute "wheelr3"
				{parameters "ID=trackright;"}
				{Matrix34
					1	0	0
					0	0	-1
					0	1	0
					13.8692	3.12768	-0.389288
				}
				{VolumeView "wheelr3.ply"}
			}
			{bone revolute "wheelr4"
				{parameters "ID=trackright;"}
				{Matrix34
					1	0	0
					0	0	-1
					0	1	0
					-6.29927	3.12768	-0.389289
				}
				{VolumeView "wheelr4.ply"}
			}
			{bone revolute "wheelr5"
				{parameters "ID=trackright;"}
				{Matrix34
					1	0	0
					0	0	-1
					0	1	0
					-23.7613	3.12768	-0.38929
				}
				{VolumeView "wheelr5.ply"}
			}
			{bone revolute "wheelr6"
				{parameters "ID=trackright;"}
				{Matrix34
					1	0	0
					0	0	-1
					0	1	0
					-41.1803	3.12768	-0.389288
				}
				{VolumeView "wheelr6.ply"}
			}
			{bone "trackr"
				{parameters "CommonMesh;ID=trackright;"}
				{Matrix34
					-1	0	0
					0	0	1
					0	1	0
					-5.42897	-21.033	0.523679
				}
				{VolumeView "trackr.ply"}
			}
		}
		{bone "wheelsl"
			{parameters "ID=trackleft;"}
			{Position 3.70867	21.033	9.50104}
			{VolumeView "wheelsl.ply"}
			{bone revolute "wheell2"
				{parameters "ID=trackleft;"}
				{Matrix34
					1	0	0
					0	0	-1
					0	1	0
					32.3292	3.12767	-0.38929
				}
				{VolumeView "wheell2.ply"}
			}
			{bone revolute "wheell3"
				{parameters "ID=trackleft;"}
				{Matrix34
					1	0	0
					0	0	-1
					0	1	0
					13.8692	3.12767	-0.38929
				}
				{VolumeView "wheell3.ply"}
			}
			{bone revolute "wheell5"
				{parameters "ID=trackleft;"}
				{Matrix34
					1	0	0
					0	0	-1
					0	1	0
					-23.7613	3.12767	-0.389292
				}
				{VolumeView "wheell5.ply"}
			}
			{bone revolute "wheell6"
				{parameters "ID=trackleft;"}
				{Matrix34
					1	0	0
					0	0	-1
					0	1	0
					-41.1803	3.12767	-0.38929
				}
				{VolumeView "wheell6.ply"}
			}
			{bone revolute "wheell4"
				{parameters "ID=trackleft;"}
				{Matrix34
					1	0	0
					0	0	-1
					0	1	0
					-6.29924	3.12767	-0.389259
				}
				{VolumeView "wheell4.ply"}
			}
			{bone "trackl"
				{parameters "CommonMesh;ID=trackleft;"}
				{Matrix34
					-1	0	0
					0	0	1
					0	1	0
					-5.42897	-21.033	0.52368
				}
				{VolumeView "trackl.ply"}
			}
		}
	}
}
{Volume "body1"
	{Polyhedron "body1.vol"}
	{Bone "body"}
	{Matrix34
		-1	0	0
		0	0	1
		0	1	0
		-29.0473	0	-3.76539
	}
}
{Volume "body2"
	{Polyhedron "body2.vol"}
	{Bone "body"}
	{Matrix34
		-1	0	0
		0	0	1
		0	1	0
		-29.0473	0	-3.76539
	}
}
{Volume "gun"
	{Cylinder 1.68497 36.9671}
	{Bone "gun"}
	{Matrix34
		0	1	0
		0	0	1
		1	0	0
		-1.83825	0	0.0409058
	}
}
{Volume "mantled"
	{Cylinder 6.32557 20.2578}
	{Bone "gun_rot"}
	{Matrix34
		-1	0	0
		0	1	0
		0	0	-1
		-0.0863419	0.145786	-0.469963
	}
}
{Volume "part1"
	{Box 11.9408 2.54824 35.029}
	{Bone "part1"}
	{Matrix34
		0.999984	0	-0.00561617
		0.00561617	0	0.999984
		0	-1	0
		6.5324	0	1.23064
	}
}
{Volume "part2"
	{Box 19.6247 0.444665 47.0498}
	{Bone "part2"}
	{Matrix34
		0.74807	0	0.663619
		-0.663619	0	0.74807
		0	-1	0
		7.87385	4.95911e-005	6.912
	}
}
{Volume "part3"
	{Box 13.7191 0.449669 9.84031}
	{Bone "part3"}
	{Matrix34
		0.999928	0	-0.0119674
		0.0119674	0	0.999928
		0	-1	0
		6.71977	0	-0.269127
	}
}
{Volume "part4"
	{Box 5.00431 0.30025 13.1866}
	{Bone "part4"}
	{Matrix34
		1	0	0
		0	0	1
		0	-1	0
		-2.80209	-0.000120163	-0.334633
	}
}
{Volume "part5"
	{Box 9.75042 0.499653 10.5036}
	{Bone "part5"}
	{Matrix34
		0.86977	0	-0.493457
		0.493457	0	0.86977
		0	-1	0
		4.17702	-0.0152259	-2.66147
	}
}
{Volume "part6"
	{Box 5.00431 0.30025 13.1866}
	{Bone "part6"}
	{Matrix34
		1	0	0
		0	0	1
		0	-1	0
		2.80808	-0.000120163	-0.334637
	}
}
{Volume "trackleft"
	{Box 10.942 20.7713 115.611}
	{Bone "wheelsl"}
	{Matrix34
		0	-1	0
		0	0	1
		-1	0	0
		-5.3646	3.03592	0.731559
	}
}
{Volume "trackright"
	{Box 10.942 20.7713 115.611}
	{Bone "wheelsr"}
	{Matrix34
		0	1	0
		0	0	1
		-1	0	0
		-5.3646	2.98483	0.731559
	}
}
{Volume "turret1"
	{Cylinder 18.5567 2.50589}
	{Bone "turret"}
	{Position 0	0	0.389056}
}
{Volume "turret2"
	{Polyhedron "turret2.vol"}
	{Bone "turret"}
	{Matrix34
		0	1	0
		-1	0	0
		0	0	1
		-1.65292	0	1.61316
	}
}
