;Exported by: ubrashaev
;Date:        Fri Aug 21 11:19:17 2015
;File:        E:\work\0.KRIS\ghost_soldier\ghost_soldier.max
{Skeleton
	{extension "/properties/animation/human/human_anm.ext"}
	{bone revolute "basis"
		{limits -30 30}
		{speed 0.1}
		{Orientation
			1	0	0
			0	-1	0
			0	0	1
		}
		{bone "body"
			{Matrix34
				0	0	1
				0	-1	0
				1	0	0
				0	0.0344553	19.9224
			}
			{bone "foot1l"
				{Matrix34
					-0.993535	-0.0202902	0.111699
					0.111661	0.00297925	0.993742
					0.020496	-0.99979	0.000694356
					-0.143509	-2.13095	-0.488995
				}
				{bone "foot2l"
					{Matrix34
						0.952388	-0.30489	-0.000108005
						0.30489	0.952388	-4.07752e-005
						0.000115296	0	1
						9.37838	-0.0471723	0
					}
					{bone "foot3l"
						{Matrix34
							0.0905679	0.979617	0.179302
							0.00348991	-0.180352	0.983596
							0.995884	-0.0884565	-0.0197529
							9.2003	-0.34629	-0.0729973
						}
					}
				}
			}
			{bone revolute "ik_leftright"
				{limits -20 20}
				{speed 0.1}
				{Matrix34
					0	0	1
					0	-1	0
					1	0	0
					1.90368	0.0344548	0
				}
				{bone "ik_socket"
					{Matrix34
						0	1	0
						1	0	0
						0	0	1
						0	0	0
					}
					{bone "compensate"
						{Matrix34
							0	1	0
							1	0	0
							0	0	1
							0	0	0
						}
						{bone revolute "ik_updown"
							{limits -40 20}
							{speed 0.1}
							{Matrix34
								1	0	0
								0	0	1
								0	-1	0
								0	0	1.66801
							}
							{bone "head"
								{Matrix34
									1	0	0
									0	0	-1
									0	1	0
									0	7.21457	0
								}
								{bone "visor"
									{Matrix34
										1	0	0
										0	1	0
										0	0	1
										2.31916	0	2.33291
									}
								}
;								{bone "helmet_link"
;									{Matrix34
;										0.00885572	0.999961	0.000665002
;										-0.99874	0.00887773	-0.0493835
;										-0.0493867	-0.000227074	0.99878
;										0.429209	-0.00263482	2.93855
;									}
;								}
							}
							{bone "gun_back"
								{Matrix34
									0.00647849	0.996053	0.0885296
									-0.106389	0.0887153	-0.990359
									-0.994304	-0.00300312	0.106544
									-4.16774	-4.2536	2.42593
								}
							}
							{bone "clavicle_right"
								{Position -0.139178	6.12487	1.17253}
								{bone "hand1r"
									{Matrix34
										-0.16799	-0.960503	0.221841
										0.84687	-0.255799	-0.466237
										0.504569	0.109547	0.856394
										0.0503404	-0.225973	2.95337
									}
									{bone "hand2r"
										{Matrix34
											0.9442	0.329373	0
											-0.329374	0.9442	0
											0	0	1
											6.26812	0	0
										}
										{bone "hand3r"
											{Matrix34
												0.982611	-0.185677	0
												0.185676	0.982611	0
												0	0	1
												5.19218	0	0
											}
										}
										{bone "right_hand"
											{Matrix34
												0.968615	-0.225094	0.105442
												0.191902	0.946802	0.258339
												-0.157983	-0.229997	0.960283
												6.33401	0.913941	-0.654929
											}
											{bone "em3"
												{Position 0	0	0}
												{VolumeView "em3.ply"}
											}
										}
										{bone "hand_rot1r"
											{Matrix34
												0.00333613	-0.999958	0.00855844
												-0.999992	-0.00331771	0.00210728
												-0.0020787	-0.00856443	-0.999961
												5.19224	0	0
											}
											{bone "palm1r"
												{Matrix34
													-0.963565	-0.249482	-0.09644
													-0.0459583	-0.20077	0.97856
													-0.263496	0.947338	0.181991
													0.085355	-0.39772	0.0915818
												}
												{bone "palm2r"
													{Matrix34
														-0.0995064	0.561587	-0.821412
														-0.0593596	0.820691	0.568282
														0.993265	0.105305	-0.0483272
														0.146144	0.242286	-1.25751
													}
													{bone "palm3r"
														{Matrix34
															0.304936	0.952374	0
															-0.952373	0.304933	0
															0	0	1
															0.581879	-0.000114441	0
														}
													}
												}
												{bone "righthandindex1"
													{parameters "LastPose = undefined;"}
													{Matrix34
														0.0873369	0.344891	-0.934571
														-0.170084	-0.919218	-0.35512
														-0.981552	0.189971	-0.0216226
														0.736826	-0.0176973	-1.47122
													}
													{bone "righthandindex2"
														{Matrix34
															0.965228	-0.261409	0
															0.261408	0.965228	0
															0	0	1
															0.858056	0	0
														}
														{bone "righthandindex3"
															{Matrix34
																0.965231	-0.2614	0
																0.261398	0.965231	0
																0	0	1
																0.64282	0	0
															}
														}
													}
												}
												{bone "righthandmiddle1"
													{parameters "LastPose = undefined;"}
													{Matrix34
														0.134602	0.43556	-0.890039
														-0.173482	-0.873982	-0.453939
														-0.975596	0.215507	-0.0420783
														0.279717	0.0875158	-1.50613
													}
													{bone "righthandmiddle2"
														{Matrix34
															0.937964	-0.346732	0
															0.346731	0.937965	0
															0	0	1
															0.991685	0	0
														}
														{bone "righthandmiddle3"
															{Matrix34
																0.937968	-0.346722	-1.60858e-005
																0.346722	0.937968	-1.27032e-005
																1.96472e-005	0	1
																0.741716	0	0
															}
														}
													}
												}
												{bone "righthandring1"
													{parameters "LastPose = undefined;"}
													{Matrix34
														0.195231	0.514795	-0.834788
														-0.210663	-0.809289	-0.548338
														-0.957866	0.282911	-0.0495503
														-0.181876	0.189146	-1.52485
													}
													{bone "righthandring2"
														{parameters "LastPose = undefined;"}
														{Matrix34
															0.85787	-0.513866	0
															0.513866	0.85787	0
															0	0	1
															0.858055	0	0
														}
														{bone "righthandring3"
															{Matrix34
																0.857845	-0.513909	3.83141e-005
																0.51391	0.857844	-5.80885e-005
																0	7.06799e-005	1
																0.64282	0	0
															}
														}
													}
												}
												{bone "righthandpinky1"
													{parameters "LastPose = undefined;"}
													{Matrix34
														0.148625	0.52556	-0.837673
														-0.265146	-0.794887	-0.545759
														-0.952685	0.303219	0.0212096
														-0.611533	0.282127	-1.53644
													}
													{bone "righthandpinky2"
														{Matrix34
															0.810773	-0.585361	1.17831e-005
															0.58536	0.810773	0
															-1.40592e-005	0	1
															0.716183	0	0
														}
														{bone "righthandpinky3"
															{Matrix34
																0.721529	-0.692385	3.3061e-005
																0.692384	0.721528	-3.58298e-005
																0	4.9524e-005	1
																0.535685	0	0
															}
														}
													}
												}
												{bone "righthandthumb1"
													{Matrix34
														0.48761	0.379513	-0.786261
														0.661837	-0.748019	0.0493919
														-0.569393	-0.544461	-0.615918
														0.606987	-0.128699	-0.0563564
													}
													{bone "righthandthumb2"
														{Matrix34
															0.951316	-0.27712	0.134915
															0.279676	0.960095	0
															-0.129532	0.0377311	0.990857
															1.02929	0	0
														}
														{bone "righthandthumb3"
															{Matrix34
																0.999691	-0.0248431	-1.38432e-005
																0.0248419	0.999692	0
																1.32024e-005	0	1
																0.730942	0	0
															}
														}
													}
												}
											}
										}
									}
								}
							}
							{bone "clavicle_left"
								{Position -0.139178	6.12487	-1.18112}
								{bone "hand1l"
									{Matrix34
										-0.208289	-0.941757	-0.264027
										0.840382	-0.310427	0.444289
										-0.500373	-0.129343	0.856094
										0.0503407	-0.225973	-2.95273
									}
									{bone "hand2l"
										{Matrix34
											0.86263	0.505834	0
											-0.505835	0.86263	0
											0	0	1
											6.26812	0	0
										}
										{bone "left_hand"
											{Matrix34
												0.275672	0.823505	-0.495827
												0.0041886	-0.516838	-0.856073
												-0.961242	0.233919	-0.145927
												5.99778	-0.667303	0.409924
											}
										}
										{bone "hand_rot1l"
											{Matrix34
												0.00130224	-0.999931	0.011637
												-0.999999	-0.00131407	-0.00103843
												0.00105354	-0.0116364	-0.999932
												5.25743	-0.000657082	-0.00162125
											}
											{bone "palm1l"
												{Matrix34
													0.965404	0.249251	-0.0766088
													-0.0261244	-0.199865	-0.979475
													-0.259447	0.947591	-0.186439
													0.08869	-0.337658	-0.091609
												}
												{bone "palm2l"
													{Matrix34
														-0.0057815	0.491333	-0.870952
														-0.00434384	-0.870972	-0.491315
														-0.999974	0.00094352	0.00716957
														-0.0738361	0.242493	-1.26342
													}
													{bone "palm3l"
														{Matrix34
															0.578449	-0.815719	0
															0.815719	0.578449	0
															0	0	1
															0.57855	0.000165224	0
														}
													}
												}
												{bone "lefthandindex1"
													{Matrix34
														-0.0110158	0.266102	-0.963882
														-0.19728	0.944416	0.262983
														0.980285	0.193051	0.0420926
														-0.736826	-0.0176983	-1.47122
													}
													{bone "lefthandindex2"
														{Matrix34
															0.906308	0.422619	0
															-0.422618	0.906308	0
															0	0	1
															0.858051	0	0
														}
														{bone "lefthandindex3"
															{Matrix34
																0.996196	0.0871469	0
																-0.0871456	0.996196	0
																0	0	1
																0.64282	0	0
															}
														}
													}
												}
												{bone "lefthandmiddle1"
													{Matrix34
														-0.0828931	0.496767	-0.863916
														-0.165601	0.847981	0.503493
														0.982703	0.184802	0.0119728
														-0.279718	0.087513	-1.50613
													}
													{bone "lefthandmiddle2"
														{Matrix34
															0.965923	0.258829	0
															-0.258829	0.965923	0
															0	0	1
															0.991682	0	0
														}
														{bone "lefthandmiddle3"
															{Matrix34
																0.965924	0.258826	-1.69091e-005
																-0.258825	0.965924	1.17533e-005
																2.06362e-005	0	1
																0.74172	0	0
															}
														}
													}
												}
												{bone "lefthandring1"
													{Matrix34
														-0.176544	0.590021	-0.78785
														-0.21069	0.759219	0.61579
														0.961479	0.274705	-0.00972486
														0.18188	0.189142	-1.52485
													}
													{bone "lefthandring2"
														{Matrix34
															0.92134	0.388759	0
															-0.388758	0.92134	0
															0	0	1
															0.858051	0	0
														}
														{bone "lefthandring3"
															{Matrix34
																0.92134	0.388758	3.06219e-005
																-0.388757	0.92134	6.40266e-005
																0	-7.11456e-005	1
																0.642824	0	0
															}
														}
													}
												}
												{bone "lefthandpinky1"
													{Matrix34
														-0.157918	0.494393	-0.854773
														-0.259397	0.814464	0.519001
														0.952773	0.303684	-0.000375085
														0.611538	0.282125	-1.53645
													}
													{bone "lefthandpinky2"
														{Matrix34
															0.749184	0.662363	1.16751e-005
															-0.662362	0.749184	0
															-1.39028e-005	0	1
															0.716188	0	0
														}
														{bone "lefthandpinky3"
															{Matrix34
																0.688609	0.725134	3.51891e-005
																-0.725134	0.688608	3.4593e-005
																0	-4.9863e-005	1
																0.535684	0	0
															}
														}
													}
												}
												{bone "lefthandthumb1"
													{Matrix34
														-0.482357	0.393267	-0.782734
														0.670064	0.741197	-0.0405264
														0.564222	-0.544031	-0.621035
														-0.606987	-0.128698	-0.056366
													}
													{bone "lefthandthumb2"
														{Matrix34
															0.979042	0.110921	0.170802
															-0.112575	0.993643	0
															-0.169716	-0.0192279	0.985306
															1.02929	0	0
														}
														{bone "lefthandthumb3"
															{Matrix34
																0.956344	0.292245	-1.32918e-005
																-0.292244	0.956344	0
																1.4782e-005	0	1
																0.73094	0	0
															}
														}
													}
												}
											}
										}
									}
								}
							}
						}
					}
				}
			}
			{bone revolute "placement"
				{Matrix34
					0	1	0
					-1	0	0
					0	0	1
					0.783108	0	0
				}
			}
			{bone "foot1r"
				{Matrix34
					-0.993573	0.011428	0.112614
					0.112602	-0.00168661	0.993639
					0.0115453	0.999933	0.000388949
					-0.143518	2.17103	-0.488755
				}
				{bone "foot2r"
					{Matrix34
						0.951794	-0.306737	-0.000104568
						0.306737	0.951794	-3.94711e-005
						0.000111622	0	1
						9.37831	-0.0472316	0
					}
					{bone "foot3r"
						{Matrix34
							0.088033	0.97474	0.205261
							0.00718213	0.205434	-0.978645
							-0.996092	0.087627	0.0110843
							9.2003	-0.346289	-0.0729973
						}
					}
				}
			}
		}
		{bone revolute "foresight2rot"
			{limits -20 20}
			{speed 0.1}
			{Position 13.7429	0.0246876	27.5947}
		}
		{bone "skin"
			{Orientation
				1	0	0
				0	0	1
				0	-1	0
			}
			{VolumeView "skin.ply"}
		}
	}
}
