;Exported by: doc
;Date:        Wed Sep 26 19:50:32 2018
;File:        Z:\work\0.KRIS\vehicles2\Brummbar\Brummbar_export_xx.max
{Skeleton
	{bone "basis"
		{Orientation
			1	0	0
			0	-1	0
			0	0	1
		}
		{bone "body"
			{parameters "ID=body;"}
			{Position 0	0	20.3574}
			{VolumeView "body.ply"}
			{bone revolute "mgun_rot1"
				{limits -10 10}
				{Position 28.7459	13.8242	21.1172}
				{bone revolute "mgun_rot"
					{parameters "ID=mgun;"}
					{limits -10 15}
					{Matrix34
						0.999983	-0.00580784	0
						-6.67894e-005	-0.0112143	-0.999937
						0.00580746	0.99992	-0.0112145
						0.675217	0.0342884	-0.0276756
					}
					{VolumeView "mgun_rot.ply"}
					{bone "mgun"
						{parameters "ID=mgun;"}
						{Matrix34
							0.999956	0.00941215	0.000125885
							0	-0.0130164	0.999915
							0.00941299	-0.999871	-0.0130158
							0.539314	-0.0729103	0.00857639
						}
						{VolumeView "mgun.ply"}
					}
				}
			}
			{bone "fxsmoke1"
				{Matrix34
					-0.303922	0.835019	-0.458666
					0.156873	-0.431005	-0.888609
					-0.939693	-0.34202	0
					-42.239	21.9653	8.08738
				}
			}
			{bone "engine"
				{parameters "ID=engine;"}
				{Position -29.1745	0.146133	-0.560991}
				{VolumeView "engine.ply"}
				{bone "fxfire1"
					{Matrix34
						0	0	1
						0	1	0
						-1	0	0
						-14.1431	10.596	4.14135
					}
				}
				{bone "engine_cover1"
					{parameters "id=engine;"}
					{Matrix34
						1	0	0
						0	0.819152	0.573577
						0	-0.573577	0.819152
						-15.1812	1.52047	14.2371
					}
					{VolumeView "engine_cover1.ply"}
				}
				{bone "engine_cover2"
					{parameters "id=engine;"}
					{Matrix34
						1	0	0
						0	0.984808	-0.173648
						0	0.173648	0.984808
						-7.51197	1.52087	14.0305
					}
					{VolumeView "engine_cover2.ply"}
				}
				{bone "part1"
					{Matrix34
						1	0	0
						0	0.996195	0.0871559
						0	-0.0871559	0.996195
						-13.9686	-17.9508	14.2371
					}
					{VolumeView "part1.ply"}
				}
			}
			{bone "shields_mount1"
				{parameters "ID=body;"}
				{Position 6.46352	0	-20.3574}
				{VolumeView "shields_mount1.ply"}
				{bone "shieldl1"
					{parameters "ID=shieldl1;"}
					{Position 45.2813	30.8682	22.4307}
					{VolumeView "shieldl1.ply"}
				}
				{bone "shieldl2"
					{parameters "ID=shieldl2;"}
					{Position 32.4197	30.7892	21.4397}
					{VolumeView "shieldl2.ply"}
				}
				{bone "shieldl4"
					{parameters "ID=shieldl4;"}
					{Matrix34
						1	0	0
						0	0.965926	0.258819
						0	-0.258819	0.965926
						-7.09549	33.4637	22.0477
					}
					{VolumeView "shieldl4.ply"}
				}
				{bone "shieldl5"
					{parameters "ID=shieldl5;"}
					{Matrix34
						0.965926	0.258819	0
						-0.258819	0.965926	0
						0	0	1
						-26.6314	33.0102	22.0477
					}
					{VolumeView "shieldl5.ply"}
				}
				{bone "shieldr3"
					{parameters "ID=shieldr3;"}
					{Matrix34
						0.998001	-0.0624349	-0.00984259
						0.0598349	0.983424	-0.171162
						0.0203659	0.170231	0.985194
						12.7553	-33.1746	20.0648
					}
					{VolumeView "shieldr3.ply"}
				}
				{bone "shieldr4"
					{parameters "ID=shieldr4;"}
					{Position -7.09549	-30.8377	22.0476}
					{VolumeView "shieldr4.ply"}
				}
				{bone "shieldr5"
					{parameters "ID=shieldr5;"}
					{Matrix34
						0.996195	0.0871557	0
						-0.0871557	0.996195	0
						0	0	1
						-26.6314	-32.5439	22.0476
					}
					{VolumeView "shieldr5.ply"}
				}
				{bone "shieldr6"
					{parameters "ID=shieldr6;"}
					{Matrix34
						0.965926	-0.258819	0
						0.258819	0.965926	0
						0	0	1
						-45.7778	-30.7798	21.3213
					}
					{VolumeView "shieldr6.ply"}
				}
			}
			{bone "detail1"
				{parameters "ID=body;"}
				{Position -50.2892	12.8733	11.2464}
				{VolumeView "detail1.ply"}
			}
			{bone "detail2"
				{parameters "ID=body;"}
				{Position -50.2892	-13.4297	11.2464}
				{VolumeView "detail2.ply"}
			}
			{bone revolute "wheell1"
				{parameters "ID=trackleft;Radius=0.4;"}
				{Matrix34
					0.970938	-0.229364	0.0683456
					0.101782	0.137264	-0.985291
					0.216609	0.963613	0.15662
					47.5581	23.626	-5.54411
				}
				{VolumeView "wheell1.ply"}
			}
			{bone revolute "wheelr1"
				{parameters "ID=trackright;Radius=0.4;"}
				{Matrix34
					0.922376	0.333394	-0.195117
					-0.235521	0.0849965	-0.968145
					-0.306189	0.938949	0.15692
					47.5581	-23.626	-5.5441
				}
				{VolumeView "wheelr1.ply"}
			}
			{bone revolute "wheell10"
				{parameters "ID=trackleft;Radius=0.4;"}
				{Matrix34
					1	0	0
					0	0	-1
					0	1	0
					-46.8188	23.5408	-8.89716
				}
				{VolumeView "wheell10.ply"}
			}
			{bone revolute "wheelr10"
				{parameters "ID=trackright;Radius=0.4;"}
				{Matrix34
					1	0.000305466	-0.000906008
					-0.000906008	0	-1
					-0.000305465	1	0
					-46.8187	-23.5409	-8.89716
				}
				{VolumeView "wheelr10.ply"}
			}
			{bone "wheell11"
				{parameters "ID=trackleft;"}
				{Position -29.3981	23.626	-2.15425}
				{VolumeView "wheell11.ply"}
			}
			{bone "wheell12"
				{parameters "ID=trackleft;"}
				{Position -9.33325	23.626	-1.14016}
				{VolumeView "wheell12.ply"}
			}
			{bone "wheell13"
				{parameters "ID=trackleft;"}
				{Position 10.9828	23.626	-1.14016}
				{VolumeView "wheell13.ply"}
			}
			{bone "wheelr14"
				{parameters "ID=trackright;"}
				{Position 28.7438	-23.626	-1.14021}
				{VolumeView "wheelr14.ply"}
			}
			{bone "wheelr13"
				{parameters "ID=trackright;"}
				{Position 10.9828	-23.626	-1.14021}
				{VolumeView "wheelr13.ply"}
			}
			{bone "wheelr12"
				{parameters "ID=trackright;"}
				{Position -9.3332	-23.626	-1.14021}
				{VolumeView "wheelr12.ply"}
			}
			{bone "wheelr11"
				{parameters "ID=trackright;"}
				{Position -29.3981	-23.626	-2.15425}
				{VolumeView "wheelr11.ply"}
			}
			{bone "wheell14"
				{parameters "ID=trackleft;"}
				{Position 28.7438	23.626	-1.14016}
				{VolumeView "wheell14.ply"}
			}
			{bone "cover"
				{parameters "id=body;"}
				{Matrix34
					0.770165	0.0577257	0.635227
					-0.284216	0.922622	0.260748
					-0.571023	-0.38136	0.726978
					-9.58102	10.0939	30.8328
				}
				{VolumeView "cover.ply"}
			}
			{bone revolute "gun_rot2"
				{limits -5 5}
				{speed 0.003}
				{Matrix34
					1	0	0
					0	0.999743	-0.0226839
					0	0.0226839	0.999743
					25.5873	-6.81072	16.7228
				}
				{bone revolute "gun_rot1"
					{parameters "ID=gun;"}
					{limits -10 3}
					{speed 0.004}
					{Matrix34
						0.965812	0.00707426	-0.259147
						-0.255908	-0.133834	-0.957392
						-0.0414556	0.990979	-0.127448
						0.145233	-0.000585079	0.0190506
					}
					{VolumeView "gun_rot1.ply"}
					{bone "gun"
						{parameters "ID=gun;"}
						{Orientation
							0	0	1
							-0.0453561	-0.998971	0
							0.998971	-0.0453561	0
						}
						{VolumeView "gun.ply"}
					}
				}
			}
			{bone "fxsmoke2"
				{Matrix34
					-0.375543	-0.805353	-0.458666
					0.193841	0.415692	-0.888609
					0.906308	-0.422619	0
					-42.239	-22.8668	8.08738
				}
			}
			{bone "crew"
				{Matrix34
					1	0	0
					0	0	1
					0	-1	0
					4.1258	0	14.2727
				}
			}
			{bone "inventory"
				{Matrix34
					1	0	0
					0	0	1
					0	-1	0
					6.6167	0	2.55845
				}
			}
		}
		{bone "wheelsl"
			{parameters "ID=trackleft;"}
			{Position 2.89188	20.6935	7.59262}
			{VolumeView "wheelsl.ply"}
			{bone revolute "wheell5"
				{parameters "ID=trackleft;Radius=0.4;"}
				{Matrix34
					0.939693	0.34202	0
					0	0	-1
					-0.34202	0.939693	0
					3.9622	2.93251	-1.57843
				}
				{VolumeView "wheell5.ply"}
			}
			{bone revolute "wheell2"
				{parameters "ID=trackleft;Radius=0.4;"}
				{Matrix34
					1	0	0
					0	0	-1
					0	1	0
					33.9873	2.93249	-1.57832
				}
				{VolumeView "wheell2.ply"}
			}
			{bone revolute "wheell3"
				{parameters "ID=trackleft;Radius=0.4;"}
				{Matrix34
					0.913404	-0.375657	0.156762
					0.252058	0.219581	-0.942471
					0.319624	0.90037	0.295253
					23.9622	2.93259	-1.57833
				}
				{VolumeView "wheell3.ply"}
			}
			{bone revolute "wheell4"
				{parameters "ID=trackleft;Radius=0.4;"}
				{Matrix34
					0.929026	-0.35193	-0.114261
					-0.0812071	0.107346	-0.9909
					0.360993	0.929851	0.0711476
					13.9874	2.93252	-1.57825
				}
				{VolumeView "wheell4.ply"}
			}
			{bone revolute "wheell9"
				{parameters "ID=trackleft;Radius=0.4;"}
				{Matrix34
					0.913124	-0.398559	0.0857662
					0.163357	0.164948	-0.97268
					0.373523	0.902188	0.215726
					-36.0126	2.93249	-1.5785
				}
				{VolumeView "wheell9.ply"}
			}
			{bone revolute "wheell7"
				{parameters "ID=trackleft;Radius=0.4;"}
				{Matrix34
					1	0	0
					0	0	-1
					0	1	0
					-16.0378	2.93255	-1.57833
				}
				{VolumeView "wheell7.ply"}
			}
		}
		{bone "wheelsr"
			{parameters "ID=trackright;"}
			{Position 4.71275	-20.6935	7.59262}
			{VolumeView "wheelsr.ply"}
			{bone revolute "wheelr6"
				{parameters "ID=trackright;Radius=0.4;"}
				{Matrix34
					0.858634	0.510446	-0.0468337
					-0.104158	0.0842838	-0.990983
					-0.501895	0.85577	0.125536
					-7.83368	-2.93242	-1.57845
				}
				{VolumeView "wheelr6.ply"}
			}
			{bone revolute "wheelr2"
				{parameters "ID=trackright;Radius=0.4;"}
				{Matrix34
					0.946363	0.318897	-0.0519748
					0.0407837	-0.277472	-0.959868
					-0.32052	0.906264	-0.275596
					32.1664	-2.93251	-1.57845
				}
				{VolumeView "wheelr2.ply"}
			}
			{bone revolute "wheelr3"
				{parameters "ID=trackright;Radius=0.4;"}
				{Matrix34
					1	0	0
					0	0	-1
					0	1	0
					22.1413	-2.93252	-1.5786
				}
				{VolumeView "wheelr3.ply"}
			}
			{bone revolute "wheelr7"
				{parameters "ID=trackright;Radius=0.4;"}
				{Matrix34
					0.998791	0.0232715	0.0432981
					0.0489448	-0.389315	-0.919803
					-0.00454856	0.920811	-0.389984
					-17.8587	-2.93251	-1.5785
				}
				{VolumeView "wheelr7.ply"}
			}
			{bone revolute "wheelr9"
				{parameters "ID=trackright;Radius=0.4;"}
				{Matrix34
					1	0	0
					0	0	-1
					0	1	0
					-37.8335	-2.93247	-1.57843
				}
				{VolumeView "wheelr9.ply"}
			}
		}
	}
}
{Volume "body1"
	{Polyhedron "body1.vol"}
	{Bone "body"}
	{Position 3.2147	-3.64085	-17.0654}
}
{Volume "body2"
	{Polyhedron "body2.vol"}
	{Bone "body"}
	{Position 7.7537	0	4.91005}
}
{Volume "body3"
	{Polyhedron "body3.vol"}
	{Bone "body"}
	{Position -33.4073	0	2.33217}
}
{Volume "body4"
	{Polyhedron "body4.vol"}
	{Bone "body"}
	{Position 23.3015	16.0887	14.9956}
}
{Volume "body5"
	{Polyhedron "body5.vol"}
	{Bone "body"}
	{Position -21.5185	5.9164	13.1874}
}
{Volume "engine"
	{Box 20.2358 8.82678 33.7292}
	{Bone "engine"}
	{Matrix34
		-1	0	0
		0	0	1
		0	1	0
		-6.75807	-0.484679	8.67404
	}
}
{Volume "part1"
	{Box 25.136 13.1709 1.15231}
	{Bone "part1"}
	{Position 9.45237	6.39376	-0.2234}
}
{Volume "shieldl1"
	{Polyhedron "shieldl1.vol"}
	{Bone "shieldl1"}
	{Position 0	0.382767	0}
}
{Volume "shieldl2"
	{Polyhedron "shieldl2.vol"}
	{Bone "shieldl2"}
	{Position 0	0.382769	0}
}
{Volume "shieldl4"
	{Polyhedron "shieldl4.vol"}
	{Bone "shieldl4"}
	{Position 0	0.382767	0}
}
{Volume "shieldl5"
	{Polyhedron "shieldl5.vol"}
	{Bone "shieldl5"}
	{Position 0	0.382771	0}
}
{Volume "shieldr3"
	{Polyhedron "shieldr3.vol"}
	{Bone "shieldr3"}
	{Position 0	-0.189629	0}
}
{Volume "shieldr4"
	{Polyhedron "shieldr4.vol"}
	{Bone "shieldr4"}
	{Position 0	-0.189632	0}
}
{Volume "shieldr5"
	{Polyhedron "shieldr5.vol"}
	{Bone "shieldr5"}
	{Position 0	-0.189634	0}
}
{Volume "shieldr6"
	{Polyhedron "shieldr6.vol"}
	{Bone "shieldr6"}
	{Position 0	-0.189629	0}
}
{Volume "turret"
	{Polyhedron "turret.vol"}
	{Bone "gun"}
	{Position 0	0	0}
}
