;Exported by: garry
;Date:        Tue Apr 11 11:43:38 2006
;File:        D:\-Projects-\-3DWork-\Model\Танки\T-34-85\sapper_tank\hi-poly\t34m_xx.max
{Skeleton
	{bone "basis"
		{parameters "Wheelradius=0.5;"}
		{Orientation
			1	0	0
			0	-1	0
			0	0	1
		}
		{bone "body"
			{parameters "ID=body;"}
			{Matrix34
				0.9993	-0.00463871	-0.037118
				0.0367968	-0.0565548	0.997721
				0.00672734	0.998389	0.0563445
				-1.70658	0.131394	6.55835
			}
			{LODView
				{VolumeView "body.ply"}
				{VolumeView "body_lod1.ply"}
			}
			{bone "engine"
				{parameters "ID=engine;"}
				{Position -31.2698	18.1431	-0.0460011}
				{LODView
					{VolumeView "engine.ply"}
					{VolumeView "engine_lod1.ply"}
				}
			}
			{bone "part1"
				{Matrix34
					0.822202	0.518437	0.234963
					-0.52109	0.851678	-0.0557529
					-0.229017	-0.0765966	0.970404
					-58.5651	18.861	1.45698
				}
				{VolumeView "part1.ply"}
			}
			{bone "part2"
				{Matrix34
					0.757263	0.384362	-0.528033
					-0.338488	0.922405	0.185997
					0.558551	0.037884	0.828605
					-38.7701	25.388	-4.28347
				}
				{VolumeView "part2.ply"}
			}
			{bone "part3"
				{Matrix34
					0.967592	-0.0501542	0.247488
					0.01955	0.992014	0.124601
					-0.251761	-0.115724	0.960846
					32.4155	11.3744	29.4666
				}
				{VolumeView "part3.ply"}
			}
			{bone "part4"
				{Position -37.6535	21.5491	-24.6724}
				{VolumeView "part4.ply"}
			}
			{bone revolute "part5"
				{Matrix34
					0.9993	0.0367969	0.00672782
					0.0371181	-0.997721	-0.0563459
					-0.00463913	-0.0565562	0.998389
					17.5924	5.07641	-23.6451
				}
				{VolumeView "part5.ply"}
			}
			{bone revolute "roller_joint"
				{limits -45 30}
				{Matrix34
					0.991359	0.130958	0.00759282
					-0.131107	0.987264	0.0901169
					-0.00430538	0.0903336	-0.995902
					53.439	4.04685	-0.0573995
				}
				{VolumeView "roller_joint.ply"}
				{bone "roller"
					{Matrix34
						-0.998858	-0.0463983	0.0114391
						-0.0114591	0.00016585	-0.999934
						0.0463925	-0.998923	-0.000697428
						49.9008	4.32975	-1.0709
					}
				}
				{bone revolute "wheelroller"
					{parameters "Radius=0.5;"}
					{Matrix34
						0.997823	0.065945	0
						-0.0659446	0.997823	0
						0	0	1
						50.2003	4.36997	-0.301432
					}
					{VolumeView "wheelroller.ply"}
				}
			}
			{bone revolute "turret"
				{parameters "ID=turret;"}
				{Matrix34
					0.999989	-0.000921715	0.00459383
					0.00463861	0.0565547	-0.998389
					0.000660441	0.998399	0.0565584
					12.2112	23.5184	5.07929
				}
				{LODView
					{VolumeView "turret.ply"}
					{VolumeView "turret_lod1.ply"}
				}
				{bone "cover"
					{parameters "ID=turret;"}
					{Position -0.0466812	0	4.73743}
					{VolumeView "cover.ply"}
				}
			}
			{bone revolute "wheelr7"
				{parameters "ID=trackright;"}
				{Matrix34
					1	0	0
					0	-1	0
					0	0	1
					-55.6185	4.51766	-23.4878
				}
				{VolumeView "wheelr7.ply"}
			}
			{bone revolute "wheelr1"
				{parameters "ID=trackright;"}
				{Matrix34
					1	0	0
					0	-1	0
					0	0	1
					51.8829	4.90553	-23.832
				}
				{VolumeView "wheelr1.ply"}
			}
			{bone revolute "wheell7"
				{parameters "ID=trackleft;"}
				{Matrix34
					1	0	0
					0	-1	0
					0	0	1
					-55.6185	4.51765	24.1235
				}
				{VolumeView "wheell7.ply"}
			}
			{bone revolute "wheell1"
				{parameters "ID=trackleft;"}
				{Matrix34
					1	0	0
					0	-1	0
					0	0	-1
					51.8829	4.90552	23.7793
				}
				{VolumeView "wheell1.ply"}
			}
		}
		{bone "wheelsl"
			{parameters "ID=trackleft;"}
			{Position -3.64807	24.1302	10.1084}
			{bone revolute "wheell2"
				{parameters "ID=trackleft;"}
				{Matrix34
					0.996195	0	-0.0871557
					-0.0871557	0	-0.996195
					0	-1	0
					39.4175	-0.219154	-0.319673
				}
				{LODView
					{VolumeView "wheell2.ply"}
					{VolumeView "wheell2_lod1.ply"}
				}
			}
			{bone revolute "wheell3"
				{parameters "ID=trackleft;"}
				{Matrix34
					0.996195	0	-0.0871557
					-0.0871557	0	-0.996195
					0	-1	0
					19.1473	-0.219152	-0.319673
				}
				{LODView
					{VolumeView "wheell2.ply"}
					{VolumeView "wheell2_lod1.ply"}
				}
			}
			{bone revolute "wheell4"
				{parameters "ID=trackleft;"}
				{Matrix34
					0.996195	0	-0.0871557
					-0.0871557	0	-0.996195
					0	-1	0
					-1.62498	-0.219151	-0.319673
				}
				{LODView
					{VolumeView "wheell2.ply"}
					{VolumeView "wheell2_lod1.ply"}
				}
			}
			{bone revolute "wheell5"
				{parameters "ID=trackleft;"}
				{Matrix34
					0.996195	0	-0.0871557
					-0.0871557	0	-0.996195
					0	-1	0
					-19.3912	-0.219149	-0.319673
				}
				{LODView
					{VolumeView "wheell2.ply"}
					{VolumeView "wheell2_lod1.ply"}
				}
			}
			{bone revolute "wheell6"
				{parameters "ID=trackleft;"}
				{Matrix34
					0.996195	0	-0.0871557
					-0.0871557	0	-0.996195
					0	-1	0
					-37.8375	-0.219147	-0.319673
				}
				{LODView
					{VolumeView "wheell2.ply"}
					{VolumeView "wheell2_lod1.ply"}
				}
			}
		}
		{bone "wheelsr"
			{parameters "ID=trackright;"}
			{Position -3.64807	-23.4887	10.1084}
			{bone "trackr"
				{parameters "ID=trackright;"}
				{Matrix34
					1	0	0
					0	0	1
					0	-1	0
					-3.75748	0	2.40862
				}
				{VolumeView "trackr.ply"}
			}
			{bone revolute "wheelr2"
				{parameters "ID=trackright;"}
				{Matrix34
					1	0	0
					0	0	-1
					0	1	0
					39.4175	-0.211544	-0.319671
				}
				{VolumeView "wheelr2.ply"}
			}
			{bone revolute "wheelr2_vol1"
				{parameters "ID=trackright;"}
				{Matrix34
					1	0	0
					0	0	-1
					0	1	0
					39.4175	-0.211544	-0.319671
				}
				{VolumeView "wheelr2_vol1.ply"}
			}
			{bone revolute "wheelr4"
				{parameters "ID=trackright;"}
				{Matrix34
					1	0	0
					0	0	-1
					0	1	0
					-1.62137	-0.21154	-0.319671
				}
				{LODView
					{VolumeView "wheelr2.ply"}
					{VolumeView "wheelr2_vol1.ply"}
				}
			}
			{bone revolute "wheelr5"
				{parameters "ID=trackright;"}
				{Matrix34
					1	0	0
					0	0	-1
					0	1	0
					-19.385	-0.211538	-0.319671
				}
				{LODView
					{VolumeView "wheelr2.ply"}
					{VolumeView "wheelr2_vol1.ply"}
				}
			}
			{bone revolute "wheelr6_vol1"
				{parameters "ID=trackright;"}
				{Matrix34
					1	0	0
					0	0	-1
					0	1	0
					-37.8185	-0.211536	-0.319671
				}
				{VolumeView "wheelr2_vol1.ply"}
			}
			{bone revolute "wheelr6"
				{parameters "ID=trackright;"}
				{Matrix34
					1	0	0
					0	0	-1
					0	1	0
					-37.8185	-0.211536	-0.319671
				}
				{VolumeView "wheelr2.ply"}
			}
		}
	}
}
{Volume "body1"
	{Polyhedron "body1.vol"}
	{Bone "body"}
	{Matrix34
		-0.999965	0.00722849	-0.00423649
		0.00463865	0.0565553	-0.998389
		0.00697728	0.998373	0.0565863
		-6.1996	-0.947108	-2.09589
	}
}
{Volume "body2"
	{Polyhedron "body2.vol"}
	{Bone "body"}
	{Matrix34
		-0.999988	-0.00118083	-0.00471295
		0.00463864	0.0565554	-0.998389
		-0.00144546	0.998399	0.0565487
		3.17257	10.9718	-1.37719
	}
}
{Volume "part1"
	{Box 45.8638 18.2918 3.93701}
	{Bone "part1"}
	{Matrix34
		0.00411168	-0.00919504	0.999949
		0.757198	0.653179	0.00289245
		0.653173	-0.757148	-0.00964853
		-0.308792	-0.558308	0.153335
	}
}
{Volume "part2"
	{Box 14.7818 40.5471 5.98425}
	{Bone "part2"}
	{Matrix34
		0.97069	-0.239676	-0.0177681
		0.0168767	-0.00576948	0.999841
		0.239741	0.970836	0.00155529
		-0.113405	1.72014	-0.12621
	}
}
{Volume "part3"
	{Polyhedron "part3.vol"}
	{Bone "part3"}
	{Matrix34
		0.997329	0.0725467	0.00848899
		-0.0122263	0.0512273	0.998612
		-0.0720111	0.996049	-0.0519774
		0.963639	-6.03529	0.896531
	}
}
{Volume "part4"
	{Cylinder 3.71565 19.9803}
	{Bone "part4"}
	{Matrix34
		-0.0046387	-0.0565549	0.998388
		-0.0052378	0.998387	0.0565304
		0.999975	0.00496714	0.00492744
		-0.0980707	0.202574	0.0409481
	}
}
{Volume "part5"
	{Cylinder 8.41249 7.32283}
	{Bone "part5"}
	{Matrix34
		1	0	0
		0	-1	0
		0	0	-1
		0.178557	0.0722677	0.153624
	}
}
{Volume "roller"
	{Cylinder 9.38984 61.963}
	{Bone "wheelroller"}
	{Matrix34
		0.999731	-0.0201982	-0.0114095
		-0.0201949	-0.999796	0.000445002
		0.0114162	0.000214498	0.999935
		0.138158	-0.0491578	-0.604296
	}
}
{Volume "trackleft"
	{Box 95.2519 9.45371 19.112}
	{Bone "wheelsl"}
	{Position 2.66329	-0.229122	-0.13272}
}
{Volume "trackright"
	{Box 98.6537 9.80385 19.112}
	{Bone "wheelsr"}
	{Matrix34
		1.00001	0	0
		0	1.00001	0
		0	0	1.00001
		2.66329	-0.072746	-0.132627
	}
}
