;Exported by: ubrashaev
;Date:        Fri Feb 26 10:24:30 2016
;File:        \\172.16.11.2\shared\Temp\Mow_units\eng\T2\eng_flamer_skinned_lod.max
{Skeleton
	{bone "basis"
		{Orientation
			1	0	0
			0	-1	0
			0	0	1
		}
		{bone "body"
			{parameters "Voxels=0;"}
			{Matrix34
				0	0	1
				0	-1	0
				1	0	0
				0	0.0344553	19.9224
			}
			{bone "foot1l"
				{parameters "Voxels=0;"}
				{Matrix34
					-0.993535	-0.0202561	0.111704
					0.111667	0.00296981	0.993741
					0.0204611	-0.99979	0.000688668
					-0.143509	-2.13095	-0.488995
				}
				{bone "foot2l"
					{parameters "Voxels=0;"}
					{Matrix34
						0.952384	-0.3049	-0.000108002
						0.3049	0.952384	-4.08264e-005
						0.000115285	0	1
						9.37838	-0.0471725	0
					}
					{bone "foot3l"
						{parameters "Voxels=0;"}
						{Matrix34
							0.0905579	0.979616	0.179308
							0.00345548	-0.180356	0.983595
							0.995885	-0.0884531	-0.0197177
							9.2003	-0.34629	-0.0729966
						}
					}
				}
			}
			{bone "foot1r"
				{parameters "Voxels=0;"}
				{Matrix34
					-0.993573	0.0113959	0.112616
					0.112604	-0.00168894	0.993639
					0.0115135	0.999934	0.00039487
					-0.143517	2.17103	-0.488755
				}
				{bone "foot2r"
					{parameters "Voxels=0;"}
					{Matrix34
						0.951793	-0.306741	-0.000104386
						0.306741	0.951793	-3.94655e-005
						0.000111707	0	1
						9.37831	-0.0472326	0
					}
					{bone "foot3r"
						{parameters "Voxels=0;"}
						{Matrix34
							0.088026	0.974737	0.205276
							0.00721183	0.205447	-0.978642
							-0.996092	0.0876261	0.0110547
							9.2003	-0.346289	-0.0729959
						}
					}
				}
			}
			{bone "ik_leftright"
				{parameters "Voxels=0;"}
				{Matrix34
					0	0	1
					0	-1	0
					1	0	0
					1.90368	0.0344548	0
				}
				{bone "ik_updown"
					{parameters "Voxels=0;"}
					{Matrix34
						1	0	0
						0	0	1
						0	-1	0
						0	0	1.66801
					}
					{bone "head"
						{parameters "Voxels=0;"}
						{Matrix34
							1	0	0
							0	0	-1
							0	1	0
							0	7.21458	0
						}
						{bone "visor"
							{Matrix34
								1	0	0
								0	1	0
								0	0	1
								2.31916	0	2.33291
							}
						}
					}
					{bone "gun_back"
						{parameters "Voxels=0;"}
						{Matrix34
							0.00647854	0.996053	0.0885295
							-0.106389	0.0887156	-0.990359
							-0.994304	-0.00300303	0.106544
							-4.16774	-4.2536	2.42593
						}
					}
					{bone "clavicle_right"
						{Position -0.139178	6.12487	1.17253}
						{bone "hand1r"
							{parameters "Voxels=0;"}
							{Matrix34
								0.0908839	-0.24685	0.964782
								0.967396	0.251859	-0.0266892
								-0.236401	0.935752	0.261692
								0.0503404	-0.225975	2.95336
							}
							{bone "hand2r"
								{parameters "Voxels=0;"}
								{Matrix34
									0.516191	0.856473	0
									-0.856473	0.516191	0
									0	0	1
									6.26812	0	0
								}
								{bone "right_hand"
									{parameters "Voxels=0;"}
									{Matrix34
										0.968615	-0.225093	0.105442
										0.191902	0.946802	0.258339
										-0.157983	-0.229997	0.960283
										6.33402	0.913944	-0.654926
									}
								}
								{bone "hand_rot1r"
									{Matrix34
										0.00333586	-0.999958	0.00855789
										-0.999992	-0.00331801	0.00210709
										-0.00207891	-0.00856507	-0.999961
										5.19224	0	0
									}
									{bone "palm1r"
										{Matrix34
											-0.987462	-0.121604	-0.100652
											-0.0703692	-0.231655	0.97025
											-0.141302	0.965168	0.220194
											0.12139	-0.163003	0.149548
										}
										{bone "palm2r"
											{Matrix34
												-0.00762235	0.507055	-0.861879
												0.00254571	0.861913	0.507052
												0.999968	0.00166833	-0.00786083
												0.146144	0.242285	-1.25751
											}
											{bone "palm3r"
												{Matrix34
													0.576833	0.816863	0
													-0.816862	0.576832	0
													0	0	1
													0.58188	-0.000116348	0
												}
											}
										}
									}
								}
							}
						}
					}
					{bone "clavicle_left"
						{Position -0.139178	6.12487	-1.18112}
						{bone "hand1l"
							{parameters "Voxels=0;"}
							{Matrix34
								0.0302737	-0.248337	-0.968201
								0.972861	0.229629	-0.0284788
								0.2294	-0.941063	0.248549
								0.0503407	-0.225973	-2.95273
							}
							{bone "hand2l"
								{parameters "Voxels=0;"}
								{Matrix34
									0.458785	0.888548	0
									-0.888547	0.458785	0
									0	0	1
									6.26812	0	0
								}
								{bone "hand_rot1l"
									{Matrix34
										0.0013019	-0.999932	0.0116373
										-0.999999	-0.00131444	-0.00103834
										0.00105365	-0.011636	-0.999932
										5.25743	-0.000656128	-0.00162125
									}
									{bone "palm1l"
										{Matrix34
											0.965404	0.249251	-0.0766091
											-0.0261252	-0.199861	-0.979476
											-0.259446	0.947591	-0.186436
											0.0886898	-0.337659	-0.09161
										}
										{bone "palm2l"
											{Matrix34
												-0.0057597	0.491352	-0.870942
												-0.00435501	-0.870961	-0.491334
												-0.999974	0.000963479	0.00715502
												-0.0738373	0.242493	-1.26342
											}
											{bone "palm3l"
												{Matrix34
													0.578449	-0.815719	0
													0.815719	0.578449	0
													0	0	1
													0.578554	0.000164032	0
												}
											}
										}
									}
								}
							}
						}
					}
				}
			}
			{bone "placement"
				{Matrix34
					0	1	0
					-1	0	0
					0	0	1
					0.783108	0	0
				}
			}
		}
		{bone "foresight2rot"
			{parameters "Voxels=0;"}
			{Position 13.7429	0.0246876	27.5947}
		}
		{bone "skin"
			{Matrix34
				0	1	0
				-1	0	0
				0	0	1
				2.12366	0	0
			}
			{LODView
				{VolumeView "skin.ply"}
				{VolumeView "skin_lod1.ply"}
				{VolumeView "skin_lod2.ply"}
			}
		}
	}
}
