;Exported by: IROKEZ
;Date:        Mon Sep 16 14:48:06 2013
;File:        F:\My Job\3D's max\scenes\su-100\su-100_xx.max
{Skeleton
	{bone revolute "basis"
		{Orientation
			1	0	0
			0	-1	0
			0	0	1
		}
		{bone "wheelsl"
			{parameters "ID=trackleft;"}
			{Position 2.06141	21.1768	9.41741}
			{VolumeView "wheelsl.ply"}
			{bone "trackl"
				{parameters "CommonMesh;ID=trackleft;"}
				{Matrix34
					-1	0	0
					0	0	1
					0	1	0
					-4.47404	2.91993	0.607306
				}
				{VolumeView "trackl.ply"}
			}
		}
		{bone "wheelsr"
			{parameters "ID=trackright;"}
			{Position 2.06141	-21.1768	9.41742}
			{VolumeView "wheelsr.ply"}
			{bone "trackr"
				{parameters "CommonMesh;ID=trackright;"}
				{Matrix34
					-1	0	0
					0	0	1
					0	1	0
					-4.43326	-2.91951	0.607299
				}
				{VolumeView "trackr.ply"}
			}
		}
		{bone "body"
			{parameters "ID=body;"}
			{Matrix34
				0.999945	0	-0.0104718
				-5.48299e-005	0.999986	-0.00523568
				0.0104716	0.00523597	0.999931
				-0.71623	0	20.5126
			}
			{VolumeView "body.ply"}
			{bone "enumerator1"
				{Matrix34
					1	0	0
					0	0.363333	0.93166
					0	-0.931659	0.363333
					1.56523	-22.4834	10.3918
				}
				{VolumeView "enumerator1.ply"}
			}
			{bone "enumerator"
				{Matrix34
					-0.999976	0.00698164	0
					-0.00230811	-0.330588	0.943772
					0.00658908	0.943749	0.330597
					7.47212	21.4418	12.3481
				}
				{VolumeView "enumerator.ply"}
			}
			{bone "engine"
				{parameters "ID=engine;"}
				{Position -25.2721	0	-3.19532}
				{VolumeView "engine.ply"}
				{bone "part3"
					{parameters "ID=engine;"}
					{Matrix34
						0.708584	0	0.705626
						0	1	0
						-0.705626	0	0.708584
						-18.001	0	13.8536
					}
					{VolumeView "part3.ply"}
				}
			}
			{bone revolute "gun_rot2"
				{limits -5 5}
				{speed 0.001}
				{Position 23.2977	-5.24409	9.67633}
				{bone revolute "gun_rot1"
					{parameters "ID=gun_rot;"}
					{limits -3 20}
					{speed 0.002}
					{Matrix34
						0.998901	0.015566	-0.0442167
						0.0442113	0.000688908	0.999022
						0.0155812	-0.999879	0
						16.3436	1.8986	-0.8333
					}
					{VolumeView "gun_rot1.ply"}
					{bone "gun"
						{parameters "ID=gun;"}
						{Matrix34
							0.999831	-0.0183633	0
							0	0	-1
							0.0183633	0.999831	0
							10.0072	0.82822	1.8986
						}
						{VolumeView "gun.ply"}
					}
				}
			}
			{bone "cover4"
				{parameters "ID=body;"}
				{Matrix34
					1	0	0
					0	0.225156	-0.974323
					0	0.974323	0.225156
					18.2192	12.3883	18.925
				}
				{VolumeView "cover4.ply"}
			}
			{bone "part2"
				{parameters "ID=body;"}
				{Matrix34
					1	0	0
					0	0.879027	0.476772
					0	-0.476772	0.879027
					18.2192	-0.919792	18.925
				}
				{VolumeView "part2.ply"}
			}
			{bone "part4"
				{parameters "ID=body;"}
				{Position 21.3555	-15.1278	23.6221}
				{VolumeView "part4.ply"}
			}
			{bone "cover1"
				{parameters "ID=body;"}
				{Matrix34
					-0.699079	0	0.715044
					0	1	0
					-0.715044	0	-0.699079
					9.12871	-15.1278	23.6221
				}
				{VolumeView "cover1.ply"}
			}
		}
	}
}
{Volume "body1"
	{Polyhedron "body1.vol"}
	{Bone "body"}
	{Matrix34
		-1	0	0
		0	0	1
		0	1	0
		-29.0473	0	-3.76539
	}
}
{Volume "body2"
	{Polyhedron "body2.vol"}
	{Bone "body"}
	{Matrix34
		-1	0	0
		0	0	1
		0	1	0
		-29.0473	0	-3.76539
	}
}
{Volume "body3"
	{Polyhedron "body3.vol"}
	{Bone "body"}
	{Matrix34
		-1	0	0
		0	0	1
		0	1	0
		-29.0473	0	-3.76539
	}
}
{Volume "body4"
	{Polyhedron "body4.vol"}
	{Bone "body"}
	{Matrix34
		-1	0	0
		0	0	1
		0	1	0
		-29.0473	0	-3.76539
	}
}
{Volume "body5"
	{Cylinder 8.52164 15.8826}
	{Bone "body"}
	{Position 15.2333	-15.1806	15.4405}
}
{Volume "gun"
	{Cylinder 1.65128 81.1417}
	{Bone "gun"}
	{Matrix34
		0	1	0
		0	0	1
		1	0	0
		35.7849	0	0
	}
}
{Volume "mantlet"
	{Polyhedron "mantlet.vol"}
	{Bone "body"}
	{Matrix34
		-1	0	0
		0	0	1
		0	1	0
		45.204	-12.45	11.8353
	}
}
{Volume "part2"
	{Box 0.467061 6.4219 12.77}
	{Bone "part2"}
	{Matrix34
		0	-3.32892e-005	1
		0	1	3.31402e-005
		-1	0	0
		-0.0638309	3.41527	-0.480572
	}
}
{Volume "part3"
	{Polyhedron "part3.vol"}
	{Bone "part3"}
	{Matrix34
		0.999957	-0.00372586	0.00848669
		0.00369448	0.999986	0.00371012
		-0.00850034	-0.00367861	0.999957
		6.4434	-0.339214	-0.146072
	}
}
{Volume "part4"
	{Box 7.46922 14.8368 0.311258}
	{Bone "part4"}
	{Matrix34
		0.999945	-5.48333e-005	0.0104716
		0	0.999986	0.00523597
		-0.0104718	-0.00523568	0.999931
		-2.58791	-0.170123	-0.267447
	}
}
{Volume "trackleft"
	{Polyhedron "trackleft.vol"}
	{Bone "wheelsl"}
	{Matrix34
		0	-1	0
		0	0	1
		-1	0	0
		52.4411	3.03591	0.731562
	}
}
{Volume "trackright"
	{Polyhedron "trackright.vol"}
	{Bone "wheelsr"}
	{Matrix34
		0	-1	0
		0	0	1
		-1	0	0
		52.4411	-3.18692	0.731559
	}
}
