;Exported by: garry
;Date:        Fri Mar 14 15:47:07 2008
;File:        D:\-Projects-\-3DWork-\Model\Авто-мото\Dodge WC51\WC 55\DodgeWC55_xx.max
{Skeleton
	{bone "basis"
		{Orientation
			1	0	0
			0	-1	0
			0	0	1
		}
		{bone "body"
			{parameters "ID=body;"}
			{Position 1.92418	0	21.5848}
			{VolumeView "body.ply"}
			{bone revolute "steerrudder"
				{parameters "WheelRadius=0.2;"}
				{Matrix34
					0.642788	0	0.766044
					0	1	0
					-0.766044	0	0.642788
					9.89842	6.75918	0.435654
				}
				{VolumeView "steerrudder.ply"}
			}
			{bone "part1"
				{parameters "ID=body;"}
				{Position 3.55657	16.8242	-2.07981}
				{VolumeView "part1.ply"}
			}
			{bone "part3"
				{parameters "ID=body;"}
				{Position 0.774092	-6.17923	-1.55947}
				{VolumeView "part3.ply"}
			}
			{bone "gun_body"
				{parameters "ID=body;"}
				{Position -12.1934	0.242259	-6.56898}
				{VolumeView "gun_body.ply"}
				{bone revolute "turret"
					{parameters "ID=turret;"}
					{Position -0.00510406	-0.00137036	17.6167}
					{VolumeView "turret.ply"}
					{bone revolute "gun_rot"
						{parameters "ID=gun;"}
						{Matrix34
							0.984808	-0.0449436	-0.167731
							0.173648	0.254887	0.951251
							0	-0.965926	0.258819
							1.79712	0	-0.186399
						}
						{VolumeView "gun_rot.ply"}
						{bone "gun"
							{parameters "ID=gun;"}
							{Matrix34
								-1	0	0
								0	0	1
								0	1	0
								-10.0131	2.80904	0.153834
							}
							{VolumeView "gun.ply"}
						}
					}
					{bone "part4"
						{Matrix34
							0.996311	-0.0858212	0
							0.0858214	0.996311	0
							0	0	1
							0.92253	0.056336	12.0026
						}
						{VolumeView "part4.ply"}
					}
					{bone "part2"
						{Position -9.99262	1.43893	0.503644}
						{VolumeView "part2.ply"}
					}
				}
			}
		}
		{bone "pivot_back"
			{Position -21.2802	0.166303	8.30848}
			{VolumeView "pivot_back.ply"}
			{bone "spring_l"
				{Position 0.0485001	15.956	0.0555611}
				{bone "wheell2"
					{parameters "ID=wheelleft2;"}
					{Orientation
						0	0	1
						1	0	0
						0	1	0
					}
					{VolumeView "wheell2.ply"}
				}
			}
			{bone "spring_r"
				{Position 0.0484962	-16.2289	0.0555582}
				{bone "wheelr2"
					{parameters "ID=wheelright2;"}
					{Matrix34
						0	0	1
						1	0	0
						0	1	0
						0	0	0
					}
					{VolumeView "wheelr2.ply"}
				}
			}
		}
		{bone "pivot_front"
			{Position 26.881	0.166303	8.30848}
			{VolumeView "pivot_front.ply"}
			{bone revolute "steer_l"
				{Matrix34
					-1	0	0
					0	1	0
					0	0	-1
					0.0547466	15.956	0.055563
				}
				{bone "wheell1"
					{parameters "ID=wheelleft1;"}
					{Matrix34
						1	0	0
						0	0	-1
						0	1	0
						0	0	0
					}
					{VolumeView "wheell1.ply"}
				}
			}
			{bone revolute "steer_r"
				{Matrix34
					-1	0	0
					0	1	0
					0	0	-1
					0.0547428	-16.2158	0.055562
				}
				{bone "wheelr1"
					{parameters "ID=wheelright1;"}
					{Matrix34
						1	0	0
						0	0	-1
						0	1	0
						0	0	0
					}
					{VolumeView "wheelr1.ply"}
				}
			}
		}
	}
}
{Volume "body"
	{Box 78.5485 40.7134 10.2451}
	{Bone "body"}
	{Position -2.90216	0	-5.05234}
}
{Volume "part1"
	{Cylinder 8.45826 4.83183}
	{Bone "part1"}
	{Matrix34
		1	0	0
		0	0	-1
		0	1	0
		0	0.0166421	0
	}
}
{Volume "part2"
	{Box 16.5145 3.94798 1.31599}
	{Bone "part2"}
	{Matrix34
		-0.997359	0.0726301	0
		0	0	1
		0.0726303	0.997359	0
		0.0477941	0.212463	0
	}
}
{Volume "part3"
	{Box 11.5585 8.67577 4.26178}
	{Bone "part3"}
	{Position 0.6816	0	-3.95737}
}
{Volume "part4"
	{Polyhedron "part4.vol"}
	{Bone "part4"}
	{Matrix34
		0.873389	0.0501438	-0.484434
		-0.00855828	0.996112	0.0876778
		0.486948	-0.0724306	0.870423
		3.71506	0	-1.35563
	}
}
{Volume "wheell1"
	{Cylinder 4.1081 3.65805}
	{Bone "wheell1"}
	{Matrix34
		0	1	0
		-1	0	0
		0	0	1
		0	0	-0.0165029
	}
}
{Volume "wheell2"
	{Cylinder 4.06842 3.63944}
	{Bone "wheell2"}
	{Position 0	0	0.013987}
}
{Volume "wheelr1"
	{Cylinder 4.07604 3.73232}
	{Bone "wheelr1"}
	{Matrix34
		0	1	0
		-1	0	0
		0	0	1
		0	0	0.0478458
	}
}
{Volume "wheelr2"
	{Cylinder 3.99526 3.82664}
	{Bone "wheelr2"}
	{Position 0	0	-0.0310366}
}
