;Exported by: caps
;Date:        Thu Aug  9 14:20:09 2018
;File:        G:\!_Work\barbed_wire_trap\3D\barbed_wire_trap_02.max
{Skeleton
	{bone "pole"
		{Orientation
			1	0	0
			0	-1	0
			0	0	1
		}
		{VolumeView "pole.ply"}
		{bone "wire"
			{Position 0.145344	-5.20618	16.8668}
			{VolumeView "wire.ply"}
		}
	}
}
{Obstacle "body1"
	{Obb2
		{Center 0 0}
		{Extent 24.1877 10.7131}
		{Axis 1 0}
	}
	{Rotate}
	{Tags  "body"}
	{Rotate}
}
{Volume "body1"
	{Box 48.3754 21.4261 22.3692}
	{Bone "pole"}
	{Position 0	0	11.1846}
}
{Volume "body2"
	{Box 1.05691 1.18592 30.8795}
	{Bone "pole"}
	{Matrix34
		1	0	0
		0	0.707107	-0.707107
		0	0.707107	0.707107
		-23.4106	-0.571547	11.5737
	}
}
{Volume "body3"
	{Box 1.05691 1.18592 30.8795}
	{Bone "pole"}
	{Matrix34
		1	0	0
		0	0.707107	-0.707107
		0	0.707107	0.707107
		-0.412174	-0.571547	11.5737
	}
}
{Volume "body4"
	{Box 1.05691 1.18592 30.8795}
	{Bone "pole"}
	{Matrix34
		1	0	0
		0	0.707107	-0.707107
		0	0.707107	0.707107
		22.7043	-0.571547	11.5737
	}
}
{Volume "body5"
	{Box 1.05691 1.18592 30.8795}
	{Bone "pole"}
	{Matrix34
		-1	0	0
		0	-0.707107	-0.707107
		0	-0.707107	0.707107
		23.6852	0.53339	11.5737
	}
}
{Volume "body6"
	{Box 1.05691 1.18592 30.8795}
	{Bone "pole"}
	{Matrix34
		-1	0	0
		0	-0.707107	-0.707107
		0	-0.707107	0.707107
		0.55287	0.53339	11.5737
	}
}
{Volume "body7"
	{Box 1.05691 1.18592 30.8795}
	{Bone "pole"}
	{Matrix34
		-1	0	0
		0	-0.707107	-0.707107
		0	-0.707107	0.707107
		-22.5139	0.53339	11.5737
	}
}
{Volume "body8"
	{Box 1.0252 0.996172 51.1811}
	{Bone "pole"}
	{Matrix34
		0	-0.707107	0.707107
		0	-0.707107	-0.707107
		1	0	0
		-0.00826454	-0.0357165	10.7741
	}
}
