;Exported by: ubrashaev
;Date:        Wed Sep 21 11:32:42 2005
;File:        D:\-Projects1_5-\-work-\3d\-Model-\-“¿Õ »\bishop\bishop_x.max
{Skeleton
	{bone revolute "basis"
		{parameters "WheelRadius=0.4;"}
		{Orientation
			1	0	0
			0	-1	0
			0	0	1
		}
		{bone "wheelsl"
			{parameters "ID=trackleft;"}
			{animation
				{sequence "break" {file "trackL.anm"} {speed 0.6}}
			}
			{Position -0.283779	21.8697	7.04142}
			{bone revolute "wheell2"
				{parameters "ID=trackleft;"}
				{Matrix34
					1	0	0
					0	0	-1
					0	1	0
					34.3641	-1.10183	-0.447704
				}
				{VolumeView "wheell2.ply"}
			}
			{bone revolute "wheell3"
				{parameters "ID=trackleft;"}
				{Matrix34
					1	0	0
					0	0	-1
					0	1	0
					22.5819	-0.735229	-1.67999
				}
				{VolumeView "wheell3.ply"}
			}
			{bone revolute "wheell4"
				{parameters "ID=trackleft;"}
				{Matrix34
					1	0	0
					0	0	-1
					0	1	0
					12.1187	-0.735229	-1.67999
				}
				{VolumeView "wheell4.ply"}
			}
			{bone revolute "wheell5"
				{parameters "ID=trackleft;"}
				{Matrix34
					1	0	0
					0	0	-1
					0	1	0
					-4.83589	-0.735222	-1.67999
				}
				{VolumeView "wheell5.ply"}
			}
			{bone revolute "wheell6"
				{parameters "ID=trackleft;"}
				{Matrix34
					1	0	0
					0	0	-1
					0	1	0
					-15.2991	-0.735222	-1.67999
				}
				{VolumeView "wheell6.ply"}
			}
			{bone revolute "wheell7"
				{parameters "ID=trackleft;"}
				{Matrix34
					1	0	0
					0	0	-1
					0	1	0
					-27.3	-1.10181	-0.447704
				}
				{VolumeView "wheell7.ply"}
			}
			{bone "trackl"
				{parameters "CommonMesh;ID=trackleft;"}
				{Matrix34
					1	0	0
					0	0	1
					0	-1	0
					-2.11783	-0.921295	5.35931
				}
				{VolumeView "trackl.ply"}
			}
		}
		{bone "wheelsr"
			{parameters "ID=trackright;"}
			{animation
				{sequence "break" {file "trackR.anm"} {speed 0.5}}
			}
			{Position -0.283779	-21.9999	7.04142}
			{bone revolute "wheelr2"
				{parameters "ID=trackright;"}
				{Matrix34
					1	0	0
					0	0	-1
					0	1	0
					34.0939	-0.576637	-0.447702
				}
				{VolumeView "wheelr2.ply"}
			}
			{bone revolute "wheelr3"
				{parameters "ID=trackright;"}
				{Matrix34
					1	0	0
					0	0	-1
					0	1	0
					22.3117	-0.943237	-1.67998
				}
				{VolumeView "wheelr3.ply"}
			}
			{bone revolute "wheelr4"
				{parameters "ID=trackright;"}
				{Matrix34
					1	0	0
					0	0	-1
					0	1	0
					11.8485	-0.943237	-1.67998
				}
				{VolumeView "wheelr4.ply"}
			}
			{bone revolute "wheelr5"
				{parameters "ID=trackright;"}
				{Matrix34
					1	0	0
					0	0	-1
					0	1	0
					-5.1061	-0.94323	-1.67998
				}
				{VolumeView "wheelr5.ply"}
			}
			{bone revolute "wheelr6"
				{parameters "ID=trackright;"}
				{Matrix34
					1	0	0
					0	0	-1
					0	1	0
					-15.5693	-0.94323	-1.67998
				}
				{VolumeView "wheelr6.ply"}
			}
			{bone revolute "wheelr7"
				{parameters "ID=trackright;"}
				{Matrix34
					1	0	0
					0	0	-1
					0	1	0
					-27.5702	-0.57663	-0.447702
				}
				{VolumeView "wheelr7.ply"}
			}
			{bone "trackr"
				{parameters "CommonMesh;ID=trackright;"}
				{Matrix34
					1	0	0
					0	0	1
					0	-1	0
					-2.11783	-0.200844	5.35931
				}
				{VolumeView "trackr.ply"}
			}
		}
		{bone "body"
			{parameters "ID=body;"}
			;{animation
			;	{sequence "break" {file "body.anm"} {speed 0.5}}
			;}
			{Position -1.22133	-0.968287	0}
			{VolumeView "body.ply"}
			{bone "detail1"
				{Matrix34
					0.999048	-0.0388405	-0.0198577
					0.0381514	0.998694	-0.0339762
					0.0211514	0.0331862	0.999225
					-14.0817	24.434	29.5999
				}
				{VolumeView "detail1.ply"}
			}
			{bone "engine"
				{Matrix34
					0.999048	-0.0388404	-0.0198577
					-0.0211514	-0.0331864	-0.999225
					0.0381513	0.998694	-0.0339764
					-31.1263	1.7484	22.4346
				}
			}
			{bone "enumerator"
				{Matrix34
					0.999048	-0.0388405	-0.0198577
					0.0381514	0.998694	-0.0339762
					0.0211514	0.0331862	0.999225
					9.82638	-19.1369	36.7895
				}
				{VolumeView "enumerator.ply"}
			}
			{bone revolute "turret"
				{parameters "ID=turret;"}
				;{animation
				;	{sequence "break" {file "turret.anm"} {speed 0.5}}
				;}
				{Matrix34
					0.999048	-0.0388405	-0.0198577
					0.0381514	0.998694	-0.0339762
					0.0211514	0.0331862	0.999225
					28.8782	0.851117	39.1643
				}
				{bone "gun_rot"
					{parameters "ID=gun;"}
					{Matrix34
						1	0	0
						0	0	1
						0	-1	0
						4.72724	-1.47408	0
					}
					{VolumeView "gun_rot.ply"}
					{bone "gun"
						{parameters "ID=gun;"}
						{Matrix34
							1	0	0
							0	0	-1
							0	1	0
							11.09	1.52712	-1.33646
						}
						{VolumeView "gun.ply"}
					}
				}
			}
			{bone revolute "wheell1"
				{parameters "ID=trackleft;"}
				{Matrix34
					0.999048	-0.03884	-0.0198579
					-0.0211516	-0.0331863	-0.999225
					0.0381509	0.998694	-0.0339763
					50.0365	20.9119	10.844
				}
				{VolumeView "wheell1.ply"}
			}
			{bone revolute "wheell8"
				{parameters "ID=trackleft;"}
				{Matrix34
					0.999048	-0.03884	-0.0198579
					-0.0211516	-0.0331863	-0.999225
					0.0381509	0.998694	-0.0339763
					-43.6193	24.553	12.7055
				}
				{VolumeView "wheell8.ply"}
			}
			{bone revolute "wheelr1"
				{parameters "ID=trackright;"}
				{Matrix34
					0.999048	-0.03884	-0.0198579
					-0.0211516	-0.0331863	-0.999225
					0.0381509	0.998694	-0.0339763
					48.0603	-23.7416	12.3688
				}
				{VolumeView "wheelr1.ply"}
			}
			{bone revolute "wheelr8"
				{parameters "ID=trackright;"}
				{Matrix34
					0.999048	-0.03884	-0.0198579
					-0.0211516	-0.0331863	-0.999225
					0.0381509	0.998694	-0.0339763
					-45.5955	-20.1005	14.2304
				}
				{VolumeView "wheelr8.ply"}
			}
		}
	}
}
