;Exported by: butyvsky
;Date:        Thu May 11 12:37:36 2006
;File:        D:\-Projects-\-3D Work-\btr\Sdkfz4\panzerfer_x.max
{Skeleton
	{bone "basis"
		{Orientation
			1	0	0
			0	-1	0
			0	0	1
		}
		{bone "body"
			{parameters "CommonMesh;ID=body;"}
			{animation
				{sequence "break" {file "body_b.anm"} {speed 0.5}}
			}
			{Position 8.36526	-0.261323	22.7663}
			{VolumeView "body.ply"}
			{bone revolute "turret"
				{parameters "ID=turret;"}
				{speed 0.02}
				{Position -30.0244	0.333189	9.58295}
				{VolumeView "turret.ply"}
				{bone revolute "gun"
					{parameters "ID=gun;"}
					{limits -5 20}
					{speed 0.01}
					{Matrix34
						1	0	0
						0	0	1
						0	-1	0
						-2.21727	0.090283	11.7292
					}
					{VolumeView "gun.ply"}
				}
			}
			{bone revolute "wheell2"
				{parameters "ID=wheelleft2;"}
				{Matrix34
					1	0	0
					0	0	-1
					0	1	0
					9.27238	0.0680909	-12.6354
				}
				{VolumeView "wheell2.ply"}
			}
			{bone revolute "wheelr4"
				{parameters "ID=wheelright4;"}
				{Matrix34
					1	0	0
					0	0	-1
					0	1	0
					-49.7645	0.073267	-13.2955
				}
				{VolumeView "wheelr4.ply"}
			}
			{bone "engine"
				{parameters "CommonMesh;ID=engine;"}
				{animation
					{sequence "break" {file "engine_b.anm"} {speed 0.5}}
				}
				{Position 44.6459	-0.0170383	-1.06427}
				{VolumeView "engine.ply"}
			}
			{bone "enumerator"
				{Matrix34
					0.999995	-0.00317144	0
					0.0025616	0.807706	0.589579
					-0.00186982	-0.589577	0.80771
					-5.14643	17.5777	6.14917
				}
				{VolumeView "enumerator.ply"}
			}
			{bone "enumerator01"
				{Matrix34
					-0.999995	0.00317153	0
					-0.00256167	-0.807706	0.589579
					0.00186987	0.589576	0.80771
					-3.56803	-17.8999	6.14917
				}
				{VolumeView "enumerator01.ply"}
			}
		}
		{bone "pivot_front"
			{Matrix34
				0	1	0
				0	0	1
				1	0	0
				50.9715	-0.336257	8.54972
			}
			{VolumeView "pivot_front.ply"}
			{bone revolute "steer_l"
				{Matrix34
					0	0.0175814	0.999845
					-1	0	0
					0	-0.999845	0.0175814
					16.9762	2.59822	-2.13018
				}
				{bone revolute "wheell1"
					{parameters "ID=wheelleft1;"}
					{Matrix34
						0.998903	0.0434171	0.0175648
						-0.0151078	-0.0562859	0.9983
						0.044332	-0.99747	-0.0555682
						2.08417	-1.64525	2.63526
					}
					{VolumeView "wheell1.ply"}
				}
			}
			{bone revolute "steer_r"
				{Matrix34
					0	0.0175814	0.999845
					-1	0	0
					0	-0.999845	0.0175814
					-13.7086	2.59822	-2.13019
				}
				{bone revolute "wheelr1"
					{parameters "ID=wheelright1;"}
					{Matrix34
						0.996065	-0.0868825	0.0175144
						-0.0116845	0.0671617	0.997674
						-0.0878566	-0.993952	0.0658822
						2.06511	4.72902	2.64932
					}
					{VolumeView "wheelr1.ply"}
				}
			}
		}
		{bone "pivot_back"
			{Position -22.3372	0.675594	9.47076}
			{VolumeView "pivot_back.ply"}
			{bone revolute "spring_l"
				{animation
					{sequence "break" {file "trackL_b.anm"}}
				}
				{Matrix34
					0.999845	0	-0.0175814
					0	1	0
					0.0175814	0	0.999845
					8.38855	14.2084	-0.280686
				}
				{bone "trackl"
					{parameters "CommonMesh;ID=trackleft;"}
					{Matrix34
						0.999845	0	0.0175815
						-0.0175815	0	0.999845
						0	-1	0
						1.09402	3.99964	1.05048
					}
					{VolumeView "trackl.ply"}
				}
				{bone revolute "wheell3"
					{parameters "ID=wheelleft3;"}
					{Matrix34
						0.999845	0	0.0175814
						0.0175814	0	-0.999845
						0	-1	0
						8.04756	-15.072	-3.54596
					}
					{VolumeView "wheell3.ply"}
				}
				{bone revolute "wheell4"
					{parameters "ID=wheelleft4;"}
					{Matrix34
						0.999845	0	0.0175814
						0.0175814	0	-0.999845
						0	-1	0
						-16.0379	-15.072	-3.97019
					}
					{VolumeView "wheell4.ply"}
				}
			}
			{bone revolute "spring_r"
				{animation
					{sequence "break" {file "trackR_b.anm"}}
				}
				{Matrix34
					0.999845	0	-0.0175814
					0	1	0
					0.0175814	0	0.999845
					8.38855	-16.4765	-0.28069
				}
				{bone "trackr"
					{parameters "CommonMesh;ID=trackright;"}
					{Matrix34
						0.999845	0	0.0175815
						-0.0175815	0	0.999845
						0	-1	0
						1.09402	-3.43484	1.05048
					}
					{VolumeView "trackr.ply"}
				}
				{bone revolute "wheelr2"
					{parameters "ID=wheelright2;"}
					{Matrix34
						0.999845	0	0.0175814
						0.0175814	0	-0.999845
						0	-1	0
						20.7028	15.6128	-3.32343
					}
					{VolumeView "wheelr2.ply"}
				}
				{bone revolute "wheelr3"
					{parameters "ID=wheelright3;"}
					{Matrix34
						0.999691	-0.0175817	0.0175787
						0.0175814	0	-0.999845
						0.0175789	0.999845	0.00030878
						-3.38266	15.6128	-3.74766
					}
					{VolumeView "wheelr3.ply"}
				}
			}
		}
	}
}
{Volume "wheelleft1"
	{Cylinder 6.81565 4.05411}
	{Bone "wheell1"}
	{Matrix34
		-1	6.48369e-005	0
		6.48155e-005	1	0
		0	0	-1
		0	-0.0299721	0.0144823
	}
}
{Volume "wheelright1"
	{Cylinder 7.04644 4.05411}
	{Bone "wheelr1"}
	{Matrix34
		1	-6.42101e-005	0
		6.41859e-005	1	0
		0	0	1
		0	-0.0299987	0
	}
}
