;Exported by: User
;Date:        Fri Feb 08 17:39:50 2013
;File:        X:\documents\us_soldier_skinned\us_soldier_skined_2.max
{Skeleton
	{extension "/properties/animation/human/human_anm.ext"}
	{bone revolute "basis"
		{limits -30 30}
		{speed2 720}
		{Orientation
			1	0	0
			0	-1	0
			0	0	1
		}
		{bone "handle"}
		{bone "body"
			{Matrix34
				0	0	1
				0	-1	0
				1	0	0
				0	0.0344553	19.9224
			}
			
			{bone revolute "aim_ref_h"
				{limits -45 50}
				{speed2 720}
				{Matrix34		; standing
					0.127994	-0.657619	0.742398
					-0.048175	0.743549	0.666944
					0.990604	0.121129	-0.0634885
					7.61786	-0.828973	1.01826
				}
				{## Matrix34    ; lying
					0.742398  -0.657619	-0.127994	
					0.666944  0.743549	0.048175	
					-0.0634885 0.121129	-0.990604	
					7.61786	-0.828973	1.01826
				}
				{bone revolute "aim_ref_v"
					{limits -70 70}
					{speed2 720}
					{Matrix34
						1	0	0
						0	0	1
						0	-1	0
						0	0	0
					}
					{bone "aim_ref"
						{Matrix34
							1	0	0
							0	0	-1
							0	1	0
							0	2.3048	-2.15348
						}
					}
				}
			}
			{bone "foot1l"
				{Matrix34
					-0.993535	-0.0202594	0.111706
					0.111669	0.00297451	0.993741
					0.0204649	-0.99979	0.000692932
					-0.143509	-2.13095	-0.488995
				}
				{bone "foot2l"
					{Matrix34
						0.952383	-0.304905	-0.000107979
						0.304904	0.952383	-4.07645e-005
						0.000115264	0	1
						9.37838	-0.0471728	0
					}
					{bone "foot3l"
						{Matrix34
							0.0905545	0.979616	0.179312
							0.00345656	-0.18036	0.983595
							0.995886	-0.0884492	-0.0197185
							9.2003	-0.346289	-0.0729971
						}
					}
				}
			}
			{bone "foot1r"
				{Matrix34
					-0.993574	0.0113923	0.112614
					0.112602	-0.00168434	0.993639
					0.0115095	0.999934	0.000390725
					-0.143518	2.17103	-0.488755
				}
				{bone "foot2r"
					{Matrix34
						0.951794	-0.306737	-0.000104563
						0.306737	0.951794	-3.9472e-005
						0.000111623	0	1
						9.37832	-0.047231	0
					}
					{bone "foot3r"
						{Matrix34
							0.0880276	0.974738	0.205272
							0.00721294	0.205443	-0.978643
							-0.996092	0.0876278	0.0110539
							9.2003	-0.346288	-0.0729971
						}
					}
				}
			}
			{bone revolute "ik_leftright"
				{limits -45 45}
				{speed2 720}
				{Matrix34
					0	0	1
					0	-1	0
					1	0	0
					1.90368	0.0344548	0
				}
				{bone planarsocket "ik_socket"
					{limits 65}
					{speed2 720}
					{Matrix34
					    0   1	0
						1	0	0
						0	0	1
	        
						0	0	0
					}
					{bone "compensate"
						{Matrix34
						    0   1	0
							1	0	0
							0	0	1
	        
							0	0   0
						}
						{bone "ik_updown" ;revolute "ik_updown"
							;{limits -40 20}
							;{limits 0 0}
							;{speed 0.1}
							{Matrix34
								1	0	0
								0	0	1
								0	-1	0
								0	0	1.66801
							}
							{bone "head"
								{Matrix34
									0.999952	0.00413685	-0.00886182
									-0.00885902	-0.000695586	-0.999961
									-0.00414285	0.999991	-0.000658989
									0	7.21458	0
								}
								{bone "visor"
									{Matrix34
										1	0	0
										0	1	0
										0	0	1
										2.31916	0	2.33291
									}
								}
;								{bone "helmet_link"
;									{Matrix34
;										0.00885573	0.999961	0.000665073
;										-0.998741	0.00887772	-0.0493832
;										-0.049387	-0.000226962	0.99878
;										0.429208	-0.00263457	-2.93856
;									}
;									{bone "helmet"
;										{Position 0	0	1.52588e-005}
;										{VolumeView "dummy.ply"}
;									}
;								}
								{bone "head_skin"
									{Matrix34
										0.00885564	0.999961	0.000665237
										-0.999953	0.00885293	0.00403985
										0.00403393	-0.000700913	0.999992
										0.580826	-0.00833535	2.44038
									}
									{VolumeView "dummy.ply"}
								}
							}
							{bone "gun_back"
								{Matrix34
									0.00647818	0.996053	0.0885296
									-0.106389	0.0887154	-0.990359
									-0.994303	-0.00300282	0.106544
									-4.16774	-4.2536	2.42593
								}
							}
							{bone "clavicle_right"
								{Position -0.13918	6.12487	1.17253}
								{bone "hand1r"
									{Matrix34
										0.0313525	-0.248123	0.968221
										0.972798	0.230023	0.0274467
										-0.229523	0.941023	0.248586
										0.0503405	-0.225973	2.95336
									}
									{bone "hand2r"
										{Matrix34
											0.460797	0.887505	0
											-0.887505	0.460797	0
											0	0	1
											6.26813	0	0
										}
										{bone "hand3r"
											{Matrix34
												0.982611	-0.185677	0
												0.185676	0.982611	0
												0	0	1
												5.19218	0	0
											}
										}
										{bone "right_hand"
											{Matrix34
												0.968615	-0.225093	0.105442
												0.191903	0.946804	0.258333
												-0.157981	-0.22999	0.960285
												6.33402	0.913942	-0.654928
											}
										}
										{bone "hand_rot1r"
											{Matrix34
												0.0033359	-0.999958	0.00855789
												-0.999992	-0.00331794	0.00210731
												-0.00207872	-0.00856498	-0.999961
												5.19224	0	0
											}
											{bone "palm1r"
												{Matrix34
													-0.963565	-0.249482	-0.0964404
													-0.0459579	-0.20077	0.97856
													-0.263495	0.947338	0.18199
													0.0853539	-0.39772	0.0915852
												}
												{bone "palm2r"
													{Matrix34
														-0.0995082	0.56158	-0.821416
														-0.059363	0.820694	0.568276
														0.993265	0.105308	-0.0483285
														0.146144	0.242285	-1.25751
													}
													{bone "palm3r"
														{Matrix34
															0.304925	0.952377	0
															-0.952377	0.304923	0
															0	0	1
															0.581881	-0.000116348	0
														}
													}
												}
												{bone "righthandindex1"
													{parameters "LastPose = undefined;"}
													{Matrix34
														0.0873371	0.344891	-0.934571
														-0.170083	-0.919218	-0.35512
														-0.981552	0.189971	-0.0216224
														0.736826	-0.0176983	-1.47122
													}
													{bone "righthandindex2"
														{Matrix34
															0.965228	-0.261408	0
															0.261408	0.965228	0
															0	0	1
															0.858058	0	0
														}
														{bone "righthandindex3"
															{Matrix34
																0.965231	-0.261399	0
																0.261399	0.965231	0
																0	0	1
																0.642819	0	0
															}
														}
													}
												}
												{bone "righthandmiddle1"
													{parameters "LastPose = undefined;"}
													{Matrix34
														0.134602	0.43556	-0.890039
														-0.173482	-0.873982	-0.453939
														-0.975596	0.215507	-0.042078
														0.279719	0.0875149	-1.50613
													}
													{bone "righthandmiddle2"
														{Matrix34
															0.937965	-0.346731	0
															0.346732	0.937964	0
															0	0	1
															0.991686	0	0
														}
														{bone "righthandmiddle3"
															{Matrix34
																0.937968	-0.346722	-1.61529e-005
																0.346722	0.937968	-1.29938e-005
																1.95503e-005	0	1
																0.741716	0	0
															}
														}
													}
												}
												{bone "righthandring1"
													{parameters "LastPose = undefined;"}
													{Matrix34
														0.195231	0.514795	-0.834788
														-0.210662	-0.809288	-0.548338
														-0.957866	0.282911	-0.0495501
														-0.181877	0.189146	-1.52485
													}
													{bone "righthandring2"
														{parameters "LastPose = undefined;"}
														{Matrix34
															0.85787	-0.513866	0
															0.513867	0.85787	0
															0	0	1
															0.858055	0	0
														}
														{bone "righthandring3"
															{Matrix34
																0.857844	-0.513909	3.81768e-005
																0.51391	0.857845	-5.83902e-005
																0	7.05123e-005	1
																0.642822	0	0
															}
														}
													}
												}
												{bone "righthandpinky1"
													{parameters "LastPose = undefined;"}
													{Matrix34
														0.148625	0.52556	-0.837673
														-0.265146	-0.794887	-0.545759
														-0.952685	0.303219	0.0212098
														-0.611534	0.282129	-1.53645
													}
													{bone "righthandpinky2"
														{Matrix34
															0.810773	-0.585361	1.17719e-005
															0.58536	0.810773	0
															-1.41412e-005	0	1
															0.716185	0	0
														}
														{bone "righthandpinky3"
															{Matrix34
																0.721529	-0.692384	3.32296e-005
																0.692385	0.721529	-3.59416e-005
																0	4.93824e-005	1
																0.535685	0	0
															}
														}
													}
												}
												{bone "righthandthumb1"
													{Matrix34
														0.48761	0.379513	-0.786261
														0.661837	-0.748019	0.049392
														-0.569393	-0.54446	-0.615918
														0.606988	-0.1287	-0.0563583
													}
													{bone "righthandthumb2"
														{Matrix34
															0.951316	-0.277119	0.134915
															0.279676	0.960095	0
															-0.129532	0.0377303	0.990857
															1.02929	0	0
														}
														{bone "righthandthumb3"
															{Matrix34
																0.999691	-0.0248426	-1.3411e-005
																0.0248425	0.999691	0
																1.35303e-005	0	1
																0.730941	0	0
															}
														}
													}
												}
											}
										}
									}
								}
							}
							{bone "clavicle_left"
								{Position -0.13918	6.12487	-1.18112}
								{bone "hand1l"
									{Matrix34
										0.030712	-0.248445	-0.968159
										0.972831	0.229804	-0.0281112
										0.229471	-0.940992	0.248753
										0.0503408	-0.225973	-2.95273
									}
									{bone "hand2l"
										{Matrix34
											0.458671	0.888606	0
											-0.888606	0.458671	0
											0	0	1
											6.26812	0	0
										}
										{bone "left_hand"
											{Matrix34
												0.275673	0.823504	-0.495828
												0.00418855	-0.516839	-0.856073
												-0.961242	0.233919	-0.145928
												5.99778	-0.667301	0.409924
											}
										}
										{bone "hand_rot1l"
											{Matrix34
												0.0013019	-0.999931	0.0116374
												-0.999999	-0.00131437	-0.00103843
												0.0010536	-0.0116359	-0.999932
												5.25743	-0.000655174	-0.00162315
											}
											{bone "palm1l"
												{Matrix34
													0.965404	0.249251	-0.0766093
													-0.0261241	-0.199865	-0.979475
													-0.259446	0.947591	-0.186439
													0.0886889	-0.337659	-0.091608
												}
												{bone "palm2l"
													{Matrix34
														-0.00576889	0.491342	-0.870948
														-0.00435093	-0.870966	-0.491324
														-0.999974	0.000954926	0.00716085
														-0.0738363	0.242495	-1.26342
													}
													{bone "palm3l"
														{Matrix34
															0.578449	-0.815719	0
															0.815719	0.578449	0
															0	0	1
															0.578554	0.000164032	0
														}
													}
												}
												{bone "lefthandindex1"
													{Matrix34
														-0.0110162	0.266102	-0.963882
														-0.197279	0.944416	0.262983
														0.980285	0.193052	0.042093
														-0.736828	-0.0176983	-1.47122
													}
													{bone "lefthandindex2"
														{Matrix34
															0.906308	0.422619	0
															-0.422618	0.906308	0
															0	0	1
															0.858054	0	0
														}
														{bone "lefthandindex3"
															{Matrix34
																0.996196	0.0871465	0
																-0.0871462	0.996196	0
																0	0	1
																0.642822	0	0
															}
														}
													}
												}
												{bone "lefthandmiddle1"
													{Matrix34
														-0.0828937	0.496767	-0.863916
														-0.165601	0.847981	0.503493
														0.982703	0.184802	0.0119732
														-0.279716	0.0875149	-1.50614
													}
													{bone "lefthandmiddle2"
														{Matrix34
															0.965923	0.258829	0
															-0.258829	0.965923	0
															0	0	1
															0.991682	0	0
														}
														{bone "lefthandmiddle3"
															{Matrix34
																0.965924	0.258825	-1.70469e-005
																-0.258826	0.965924	1.24276e-005
																2.03848e-005	0	1
																0.741718	0	0
															}
														}
													}
												}
												{bone "lefthandring1"
													{Matrix34
														-0.176544	0.59002	-0.78785
														-0.210689	0.759218	0.61579
														0.961479	0.274706	-0.00972422
														0.181882	0.189144	-1.52485
													}
													{bone "lefthandring2"
														{Matrix34
															0.92134	0.388758	0
															-0.388759	0.92134	0
															0	0	1
															0.858053	0	0
														}
														{bone "lefthandring3"
															{Matrix34
																0.92134	0.388758	3.08752e-005
																-0.388757	0.92134	6.47455e-005
																0	-7.04229e-005	1
																0.642824	0	0
															}
														}
													}
												}
												{bone "lefthandpinky1"
													{Matrix34
														-0.157918	0.494393	-0.854774
														-0.259396	0.814464	0.519001
														0.952773	0.303685	-0.00037434
														0.611536	0.282124	-1.53644
													}
													{bone "lefthandpinky2"
														{Matrix34
															0.749184	0.662362	1.14441e-005
															-0.662362	0.749184	0
															-1.43945e-005	0	1
															0.716188	0	0
														}
														{bone "lefthandpinky3"
															{Matrix34
																0.688608	0.725134	3.52859e-005
																-0.725134	0.688608	3.5122e-005
																0	-4.93824e-005	1
																0.535685	0	0
															}
														}
													}
												}
												{bone "lefthandthumb1"
													{Matrix34
														-0.482357	0.393267	-0.782734
														0.670064	0.741196	-0.0405263
														0.564222	-0.54403	-0.621035
														-0.606987	-0.128696	-0.0563641
													}
													{bone "lefthandthumb2"
														{Matrix34
															0.979042	0.11092	0.170803
															-0.112575	0.993643	0
															-0.169716	-0.019228	0.985305
															1.02929	0	0
														}
														{bone "lefthandthumb3"
															{Matrix34
																0.956344	0.292244	-1.30907e-005
																-0.292244	0.956344	0
																1.48807e-005	0	1
																0.73094	0	0
															}
														}
													}
												}
											}
										}
									}
								}
							}
						}
					}
				}
			}
			{bone revolute "placement"
				{Matrix34
					0	1	0
					-1	0	0
					0	0	1
					0.783108	0	0
				}
			}
		}
		{bone revolute "foresight2rot"
			{limits -20 20}
			{speed 0.1}
			{Position 13.7429	0.0246876	27.5947}
			{bone revolute "foresight2"
				{limits -10 80}
				{speed 0.1}
				{Matrix34
					1	0	0
					0	0	1
					0	-1	0
					4.98851	0	0
				}
			}
		}
		{bone "skin"
			{Orientation
				1	0	0
				0	0	1
				0	-1	0
			}
			{VolumeView "skin.ply"}
		}
		{bone "fps_arms"
			{visibility 0}
			{VolumeView "dummy.ply"}
		}
		{bone "ram"
			{visibility 0}
		}
	}
}
{Volume "body"
	{Box 5.79517 10.1378 10.5315}
	{Bone "ik_updown"}
	{Matrix34
		1	0	0
		0	0	-1
		0	1	0
		0.0972269	1.4567	0.0175823
	}
}
{Volume "head"
	{Box 3.93701 4.2052 5.71606}
	{Bone "head"}
	{Position 0.0972269	-0.017583	2.16047}
}
{Volume "foot1r"
	{Box 5.31496 4.33071 10.2667}
	{Bone "foot1r"}
	{Matrix34
		-0.000547874	0.999998	0.00169417
		-0.0113967	0.00168782	-0.999934
		-0.999935	-0.000567006	0.0113954
		4.59069	-0.0514774	-0.0236297
	}
}
{Volume "foot2r"
	{Box 4.76378 3.34646 10.5843}
	{Bone "foot2r"}
	{Matrix34
		-0.0340668	0.999419	-0.00146551
		-0.0112599	-0.00184951	-0.999935
		-0.999356	-0.0340486	0.0113172
		5.35503	-0.0714047	-0.0133916
	}
}
{Volume "foot1l"
	{Box 5.31496 4.33071 10.2667}
	{Bone "foot1l"}
	{Matrix34
		-0.00145271	0.999994	0.00300585
		0.0202548	-0.0029758	0.99979
		-0.999794	-0.00151317	0.0202504
		4.5898	-0.0468472	-0.0931758
	}
}
{Volume "foot2l"
	{Box 4.77051 3.34646 10.5843}
	{Bone "foot2l"}
	{Matrix34
		-0.0330716	0.999449	-0.00263528
		0.0200897	0.00330076	0.999793
		-0.999251	-0.0330119	0.0201878
		5.3503	-0.068715	-0.207656
	}
}
{Volume "ram"
	{Cylinder 8.85827 35.4331}
	{Bone "ram"}
	{Position 0	0	17.7165}
	{disabled}
}
