-= Animation: start, Node body =-
	Frame 0 {
		TM {
			1.0000	-0.0000	-0.0000
			-0.0000	1.0000	0.0000
			-0.0000	0.0000	1.0000
			-0.9901	-0.0996	10.5525
		}
		Visibility 1.0000
	}
	Frame 1 {
		TM {
			1.0000	0.0000	-0.0001
			-0.0000	1.0000	0.0000
			0.0001	-0.0000	1.0000
			-0.9901	-0.0996	10.5525
		}
		Visibility 1.0000
	}
	Frame 2 {
		TM {
			1.0000	0.0000	-0.0002
			-0.0000	1.0000	0.0000
			0.0002	-0.0000	1.0000
			-0.9901	-0.0996	10.5525
		}
		Visibility 1.0000
	}
	Frame 3 {
		TM {
			1.0000	0.0000	-0.0004
			-0.0000	1.0000	0.0000
			0.0004	-0.0000	1.0000
			-0.9901	-0.0996	10.5525
		}
		Visibility 1.0000
	}
	Frame 4 {
		TM {
			1.0000	0.0000	-0.0008
			-0.0000	1.0000	0.0000
			0.0008	-0.0000	1.0000
			-0.9901	-0.0996	10.5525
		}
		Visibility 1.0000
	}
	Frame 5 {
		TM {
			1.0000	0.0000	-0.0012
			-0.0000	1.0000	0.0000
			0.0012	-0.0000	1.0000
			-0.9901	-0.0996	10.5525
		}
		Visibility 1.0000
	}
	Frame 6 {
		TM {
			1.0000	0.0000	-0.0017
			-0.0000	1.0000	0.0000
			0.0017	-0.0000	1.0000
			-0.9901	-0.0996	10.5525
		}
		Visibility 1.0000
	}
	Frame 7 {
		TM {
			1.0000	0.0000	-0.0022
			-0.0000	1.0000	0.0000
			0.0022	-0.0000	1.0000
			-0.9901	-0.0996	10.5525
		}
		Visibility 1.0000
	}
	Frame 8 {
		TM {
			1.0000	0.0000	-0.0028
			-0.0000	1.0000	0.0000
			0.0028	-0.0000	1.0000
			-0.9901	-0.0996	10.5525
		}
		Visibility 1.0000
	}
	Frame 9 {
		TM {
			1.0000	0.0001	-0.0035
			-0.0001	1.0000	0.0000
			0.0035	-0.0000	1.0000
			-0.9901	-0.0996	10.5525
		}
		Visibility 1.0000
	}
	Frame 10 {
		TM {
			1.0000	0.0001	-0.0042
			-0.0001	1.0000	0.0000
			0.0042	-0.0000	1.0000
			-0.9901	-0.0996	10.5525
		}
		Visibility 1.0000
	}
	Frame 11 {
		TM {
			1.0000	0.0001	-0.0050
			-0.0001	1.0000	0.0000
			0.0050	-0.0000	1.0000
			-0.9901	-0.0996	10.5525
		}
		Visibility 1.0000
	}
	Frame 12 {
		TM {
			1.0000	0.0001	-0.0058
			-0.0001	1.0000	0.0000
			0.0058	-0.0000	1.0000
			-0.9901	-0.0996	10.5525
		}
		Visibility 1.0000
	}
	Frame 13 {
		TM {
			1.0000	0.0001	-0.0066
			-0.0001	1.0000	0.0000
			0.0066	-0.0000	1.0000
			-0.9901	-0.0996	10.5525
		}
		Visibility 1.0000
	}
	Frame 14 {
		TM {
			1.0000	0.0001	-0.0074
			-0.0001	1.0000	0.0000
			0.0074	-0.0000	1.0000
			-0.9901	-0.0996	10.5525
		}
		Visibility 1.0000
	}
	Frame 15 {
		TM {
			1.0000	0.0001	-0.0083
			-0.0001	1.0000	0.0000
			0.0083	-0.0000	1.0000
			-0.9901	-0.0996	10.5525
		}
		Visibility 1.0000
	}
	Frame 16 {
		TM {
			1.0000	0.0002	-0.0092
			-0.0002	1.0000	0.0000
			0.0092	-0.0000	1.0000
			-0.9901	-0.0996	10.5525
		}
		Visibility 1.0000
	}
	Frame 17 {
		TM {
			0.9999	0.0002	-0.0100
			-0.0002	1.0000	0.0000
			0.0100	0.0000	0.9999
			-0.9901	-0.0996	10.5525
		}
		Visibility 1.0000
	}
	Frame 18 {
		TM {
			0.9999	0.0002	-0.0109
			-0.0002	1.0000	0.0000
			0.0109	0.0000	0.9999
			-0.9901	-0.0996	10.5525
		}
		Visibility 1.0000
	}
	Frame 19 {
		TM {
			0.9999	0.0002	-0.0118
			-0.0002	1.0000	0.0000
			0.0118	0.0000	0.9999
			-0.9901	-0.0996	10.5525
		}
		Visibility 1.0000
	}
	Frame 20 {
		TM {
			0.9999	0.0002	-0.0126
			-0.0002	1.0000	0.0000
			0.0126	0.0000	0.9999
			-0.9901	-0.0996	10.5525
		}
		Visibility 1.0000
	}
	Frame 21 {
		TM {
			0.9999	0.0002	-0.0134
			-0.0002	1.0000	0.0000
			0.0134	0.0000	0.9999
			-0.9901	-0.0996	10.5525
		}
		Visibility 1.0000
	}
	Frame 22 {
		TM {
			0.9999	0.0002	-0.0143
			-0.0002	1.0000	0.0000
			0.0143	0.0000	0.9999
			-0.9901	-0.0996	10.5525
		}
		Visibility 1.0000
	}
	Frame 23 {
		TM {
			0.9999	0.0003	-0.0150
			-0.0003	1.0000	0.0000
			0.0150	0.0000	0.9999
			-0.9901	-0.0996	10.5525
		}
		Visibility 1.0000
	}
	Frame 24 {
		TM {
			0.9999	0.0003	-0.0157
			-0.0003	1.0000	0.0000
			0.0157	0.0000	0.9999
			-0.9901	-0.0996	10.5525
		}
		Visibility 1.0000
	}
	Frame 25 {
		TM {
			0.9999	0.0003	-0.0164
			-0.0003	1.0000	0.0000
			0.0164	0.0000	0.9999
			-0.9901	-0.0996	10.5525
		}
		Visibility 1.0000
	}
	Frame 26 {
		TM {
			0.9999	0.0003	-0.0171
			-0.0003	1.0000	0.0000
			0.0171	0.0000	0.9999
			-0.9901	-0.0996	10.5525
		}
		Visibility 1.0000
	}
	Frame 27 {
		TM {
			0.9998	0.0003	-0.0176
			-0.0003	1.0000	0.0000
			0.0176	0.0000	0.9998
			-0.9901	-0.0996	10.5525
		}
		Visibility 1.0000
	}
	Frame 28 {
		TM {
			0.9998	0.0003	-0.0181
			-0.0003	1.0000	0.0000
			0.0181	0.0000	0.9998
			-0.9901	-0.0996	10.5525
		}
		Visibility 1.0000
	}
	Frame 29 {
		TM {
			0.9998	0.0003	-0.0186
			-0.0003	1.0000	0.0000
			0.0186	0.0000	0.9998
			-0.9901	-0.0996	10.5525
		}
		Visibility 1.0000
	}
	Frame 30 {
		TM {
			0.9998	0.0003	-0.0189
			-0.0003	1.0000	0.0000
			0.0189	0.0000	0.9998
			-0.9901	-0.0996	10.5525
		}
		Visibility 1.0000
	}
	Frame 31 {
		TM {
			0.9998	0.0003	-0.0192
			-0.0003	1.0000	0.0000
			0.0192	0.0000	0.9998
			-0.9901	-0.0996	10.5525
		}
		Visibility 1.0000
	}
	Frame 32 {
		TM {
			0.9998	0.0003	-0.0194
			-0.0003	1.0000	0.0000
			0.0194	0.0000	0.9998
			-0.9901	-0.0996	10.5525
		}
		Visibility 1.0000
	}
	Frame 33 {
		TM {
			0.9998	0.0003	-0.0195
			-0.0003	1.0000	0.0000
			0.0195	0.0000	0.9998
			-0.9901	-0.0996	10.5525
		}
		Visibility 1.0000
	}
	Frame 34 {
		TM {
			0.9998	0.0003	-0.0193
			-0.0003	1.0000	0.0000
			0.0193	0.0000	0.9998
			-0.9901	-0.0996	10.5525
		}
		Visibility 1.0000
	}
	Frame 35 {
		TM {
			0.9998	0.0003	-0.0186
			-0.0003	1.0000	0.0000
			0.0186	0.0000	0.9998
			-0.9901	-0.0996	10.5525
		}
		Visibility 1.0000
	}
	Frame 36 {
		TM {
			0.9998	0.0003	-0.0174
			-0.0003	1.0000	0.0000
			0.0174	0.0000	0.9998
			-0.9901	-0.0996	10.5525
		}
		Visibility 1.0000
	}
	Frame 37 {
		TM {
			0.9999	0.0003	-0.0157
			-0.0003	1.0000	0.0000
			0.0157	0.0000	0.9999
			-0.9901	-0.0996	10.5525
		}
		Visibility 1.0000
	}
	Frame 38 {
		TM {
			0.9999	0.0002	-0.0137
			-0.0002	1.0000	0.0000
			0.0137	0.0000	0.9999
			-0.9901	-0.0996	10.5525
		}
		Visibility 1.0000
	}
	Frame 39 {
		TM {
			0.9999	0.0002	-0.0114
			-0.0002	1.0000	0.0000
			0.0114	-0.0000	0.9999
			-0.9901	-0.0996	10.5525
		}
		Visibility 1.0000
	}
	Frame 40 {
		TM {
			1.0000	0.0002	-0.0088
			-0.0002	1.0000	0.0000
			0.0088	-0.0000	1.0000
			-0.9901	-0.0996	10.5525
		}
		Visibility 1.0000
	}
-= Animation: stop, Node body =-
	Frame 40 {
		TM {
			1.0000	0.0002	-0.0088
			-0.0002	1.0000	0.0000
			0.0088	-0.0000	1.0000
			-0.9901	-0.0996	10.5525
		}
		Visibility 1.0000
	}
	Frame 41 {
		TM {
			1.0000	0.0001	-0.0061
			-0.0001	1.0000	0.0000
			0.0061	-0.0000	1.0000
			-0.9901	-0.0996	10.5525
		}
		Visibility 1.0000
	}
	Frame 42 {
		TM {
			1.0000	0.0001	-0.0034
			-0.0001	1.0000	0.0000
			0.0034	-0.0000	1.0000
			-0.9901	-0.0996	10.5525
		}
		Visibility 1.0000
	}
	Frame 43 {
		TM {
			1.0000	0.0000	-0.0007
			-0.0000	1.0000	0.0000
			0.0007	-0.0000	1.0000
			-0.9901	-0.0996	10.5525
		}
		Visibility 1.0000
	}
	Frame 44 {
		TM {
			1.0000	-0.0000	0.0019
			0.0000	1.0000	0.0000
			-0.0019	-0.0000	1.0000
			-0.9901	-0.0996	10.5525
		}
		Visibility 1.0000
	}
	Frame 45 {
		TM {
			1.0000	-0.0001	0.0043
			0.0001	1.0000	0.0000
			-0.0043	-0.0000	1.0000
			-0.9901	-0.0996	10.5525
		}
		Visibility 1.0000
	}
	Frame 46 {
		TM {
			1.0000	-0.0001	0.0064
			0.0001	1.0000	0.0000
			-0.0064	-0.0000	1.0000
			-0.9901	-0.0996	10.5525
		}
		Visibility 1.0000
	}
	Frame 47 {
		TM {
			1.0000	-0.0001	0.0082
			0.0001	1.0000	0.0000
			-0.0082	-0.0000	1.0000
			-0.9901	-0.0996	10.5525
		}
		Visibility 1.0000
	}
	Frame 48 {
		TM {
			1.0000	-0.0002	0.0096
			0.0002	1.0000	0.0000
			-0.0096	0.0000	1.0000
			-0.9901	-0.0996	10.5525
		}
		Visibility 1.0000
	}
	Frame 49 {
		TM {
			0.9999	-0.0002	0.0105
			0.0002	1.0000	0.0000
			-0.0105	0.0000	0.9999
			-0.9901	-0.0996	10.5525
		}
		Visibility 1.0000
	}
	Frame 50 {
		TM {
			0.9999	-0.0002	0.0108
			0.0002	1.0000	0.0000
			-0.0108	0.0000	0.9999
			-0.9901	-0.0996	10.5525
		}
		Visibility 1.0000
	}
	Frame 51 {
		TM {
			0.9999	-0.0002	0.0107
			0.0002	1.0000	0.0000
			-0.0107	0.0000	0.9999
			-0.9901	-0.0996	10.5525
		}
		Visibility 1.0000
	}
	Frame 52 {
		TM {
			0.9999	-0.0002	0.0104
			0.0002	1.0000	0.0000
			-0.0104	0.0000	0.9999
			-0.9901	-0.0996	10.5525
		}
		Visibility 1.0000
	}
	Frame 53 {
		TM {
			1.0000	-0.0002	0.0099
			0.0002	1.0000	0.0000
			-0.0099	0.0000	1.0000
			-0.9901	-0.0996	10.5525
		}
		Visibility 1.0000
	}
	Frame 54 {
		TM {
			1.0000	-0.0002	0.0092
			0.0002	1.0000	0.0000
			-0.0092	0.0000	1.0000
			-0.9901	-0.0996	10.5525
		}
		Visibility 1.0000
	}
	Frame 55 {
		TM {
			1.0000	-0.0001	0.0085
			0.0001	1.0000	0.0000
			-0.0085	0.0000	1.0000
			-0.9901	-0.0996	10.5525
		}
		Visibility 1.0000
	}
	Frame 56 {
		TM {
			1.0000	-0.0001	0.0076
			0.0001	1.0000	0.0000
			-0.0076	0.0000	1.0000
			-0.9901	-0.0996	10.5525
		}
		Visibility 1.0000
	}
	Frame 57 {
		TM {
			1.0000	-0.0001	0.0067
			0.0001	1.0000	0.0000
			-0.0067	0.0000	1.0000
			-0.9901	-0.0996	10.5525
		}
		Visibility 1.0000
	}
	Frame 58 {
		TM {
			1.0000	-0.0001	0.0057
			0.0001	1.0000	0.0000
			-0.0057	0.0000	1.0000
			-0.9901	-0.0996	10.5525
		}
		Visibility 1.0000
	}
	Frame 59 {
		TM {
			1.0000	-0.0001	0.0048
			0.0001	1.0000	0.0000
			-0.0048	0.0000	1.0000
			-0.9901	-0.0996	10.5525
		}
		Visibility 1.0000
	}
	Frame 60 {
		TM {
			1.0000	-0.0001	0.0038
			0.0001	1.0000	0.0000
			-0.0038	0.0000	1.0000
			-0.9901	-0.0996	10.5525
		}
		Visibility 1.0000
	}
	Frame 61 {
		TM {
			1.0000	-0.0001	0.0029
			0.0001	1.0000	0.0000
			-0.0029	0.0000	1.0000
			-0.9901	-0.0996	10.5525
		}
		Visibility 1.0000
	}
	Frame 62 {
		TM {
			1.0000	-0.0000	0.0021
			0.0000	1.0000	0.0000
			-0.0021	-0.0000	1.0000
			-0.9901	-0.0996	10.5525
		}
		Visibility 1.0000
	}
	Frame 63 {
		TM {
			1.0000	-0.0000	0.0013
			0.0000	1.0000	0.0000
			-0.0013	-0.0000	1.0000
			-0.9901	-0.0996	10.5525
		}
		Visibility 1.0000
	}
	Frame 64 {
		TM {
			1.0000	-0.0000	0.0007
			0.0000	1.0000	0.0000
			-0.0007	-0.0000	1.0000
			-0.9901	-0.0996	10.5525
		}
		Visibility 1.0000
	}
	Frame 65 {
		TM {
			1.0000	-0.0000	0.0003
			0.0000	1.0000	0.0000
			-0.0003	-0.0000	1.0000
			-0.9901	-0.0996	10.5525
		}
		Visibility 1.0000
	}
	Frame 66 {
		TM {
			1.0000	-0.0000	0.0001
			0.0000	1.0000	0.0000
			-0.0001	-0.0000	1.0000
			-0.9901	-0.0996	10.5525
		}
		Visibility 1.0000
	}
	Frame 67 {
		TM {
			1.0000	-0.0000	0.0000
			0.0000	1.0000	0.0000
			-0.0000	-0.0000	1.0000
			-0.9901	-0.0996	10.5525
		}
		Visibility 1.0000
	}
	Frame 68 {
		TM {
			1.0000	-0.0000	0.0001
			0.0000	1.0000	0.0000
			-0.0001	-0.0000	1.0000
			-0.9901	-0.0996	10.5525
		}
		Visibility 1.0000
	}
	Frame 69 {
		TM {
			1.0000	-0.0000	0.0004
			0.0000	1.0000	0.0000
			-0.0004	-0.0000	1.0000
			-0.9901	-0.0996	10.5525
		}
		Visibility 1.0000
	}
	Frame 70 {
		TM {
			1.0000	-0.0000	0.0008
			0.0000	1.0000	0.0000
			-0.0008	-0.0000	1.0000
			-0.9901	-0.0996	10.5525
		}
		Visibility 1.0000
	}
	Frame 71 {
		TM {
			1.0000	-0.0000	0.0014
			0.0000	1.0000	0.0000
			-0.0014	-0.0000	1.0000
			-0.9901	-0.0996	10.5525
		}
		Visibility 1.0000
	}
	Frame 72 {
		TM {
			1.0000	-0.0000	0.0020
			0.0000	1.0000	0.0000
			-0.0020	-0.0000	1.0000
			-0.9901	-0.0996	10.5525
		}
		Visibility 1.0000
	}
	Frame 73 {
		TM {
			1.0000	-0.0001	0.0028
			0.0001	1.0000	0.0000
			-0.0028	-0.0000	1.0000
			-0.9901	-0.0996	10.5525
		}
		Visibility 1.0000
	}
	Frame 74 {
		TM {
			1.0000	-0.0001	0.0037
			0.0001	1.0000	0.0000
			-0.0037	-0.0000	1.0000
			-0.9901	-0.0996	10.5525
		}
		Visibility 1.0000
	}
	Frame 75 {
		TM {
			1.0000	-0.0001	0.0046
			0.0001	1.0000	0.0000
			-0.0046	-0.0000	1.0000
			-0.9901	-0.0996	10.5525
		}
		Visibility 1.0000
	}
	Frame 76 {
		TM {
			1.0000	-0.0001	0.0057
			0.0001	1.0000	0.0000
			-0.0057	-0.0000	1.0000
			-0.9901	-0.0996	10.5525
		}
		Visibility 1.0000
	}
	Frame 77 {
		TM {
			1.0000	-0.0001	0.0068
			0.0001	1.0000	0.0000
			-0.0068	-0.0000	1.0000
			-0.9901	-0.0996	10.5525
		}
		Visibility 1.0000
	}
	Frame 78 {
		TM {
			1.0000	-0.0002	0.0080
			0.0002	1.0000	0.0000
			-0.0080	-0.0000	1.0000
			-0.9901	-0.0996	10.5525
		}
		Visibility 1.0000
	}
	Frame 79 {
		TM {
			1.0000	-0.0002	0.0092
			0.0002	1.0000	0.0000
			-0.0092	-0.0000	1.0000
			-0.9901	-0.0996	10.5525
		}
		Visibility 1.0000
	}
	Frame 80 {
		TM {
			0.9999	-0.0002	0.0105
			0.0002	1.0000	0.0000
			-0.0105	-0.0000	0.9999
			-0.9901	-0.0996	10.5525
		}
		Visibility 1.0000
	}
	Frame 81 {
		TM {
			0.9999	-0.0002	0.0118
			0.0002	1.0000	0.0000
			-0.0118	-0.0000	0.9999
			-0.9901	-0.0996	10.5525
		}
		Visibility 1.0000
	}
	Frame 82 {
		TM {
			0.9999	-0.0003	0.0131
			0.0003	1.0000	0.0000
			-0.0131	-0.0000	0.9999
			-0.9901	-0.0996	10.5525
		}
		Visibility 1.0000
	}
	Frame 83 {
		TM {
			0.9999	-0.0003	0.0145
			0.0003	1.0000	0.0000
			-0.0145	-0.0000	0.9999
			-0.9901	-0.0996	10.5525
		}
		Visibility 1.0000
	}
	Frame 84 {
		TM {
			0.9999	-0.0003	0.0159
			0.0003	1.0000	0.0000
			-0.0159	-0.0000	0.9999
			-0.9901	-0.0996	10.5525
		}
		Visibility 1.0000
	}
	Frame 85 {
		TM {
			0.9999	-0.0003	0.0173
			0.0003	1.0000	0.0000
			-0.0173	-0.0000	0.9999
			-0.9901	-0.0996	10.5525
		}
		Visibility 1.0000
	}
	Frame 86 {
		TM {
			0.9998	-0.0004	0.0187
			0.0004	1.0000	0.0000
			-0.0187	0.0000	0.9998
			-0.9901	-0.0996	10.5525
		}
		Visibility 1.0000
	}
	Frame 87 {
		TM {
			0.9998	-0.0004	0.0200
			0.0004	1.0000	0.0000
			-0.0200	0.0000	0.9998
			-0.9901	-0.0996	10.5525
		}
		Visibility 1.0000
	}
	Frame 88 {
		TM {
			0.9998	-0.0004	0.0214
			0.0004	1.0000	0.0000
			-0.0214	0.0000	0.9998
			-0.9901	-0.0996	10.5525
		}
		Visibility 1.0000
	}
	Frame 89 {
		TM {
			0.9997	-0.0005	0.0227
			0.0005	1.0000	0.0000
			-0.0227	0.0000	0.9997
			-0.9901	-0.0996	10.5525
		}
		Visibility 1.0000
	}
	Frame 90 {
		TM {
			0.9997	-0.0005	0.0240
			0.0005	1.0000	0.0000
			-0.0240	0.0000	0.9997
			-0.9901	-0.0996	10.5525
		}
		Visibility 1.0000
	}
-= Animation: repair, Node engine =-
	Frame 220 {
		TM {
			1.0000	0.0000	-0.0000
			-0.0000	1.0000	0.0000
			0.0000	-0.0000	1.0000
			10.4169	-0.0000	-0.0000
		}
		Visibility 1.0000
	}
	Frame 221 {
		TM {
			1.0000	0.0000	-0.0000
			-0.0000	1.0000	0.0000
			0.0000	-0.0000	1.0000
			10.4169	-0.0000	-0.0000
		}
		Visibility 1.0000
	}
	Frame 222 {
		TM {
			1.0000	0.0000	-0.0000
			-0.0000	1.0000	0.0000
			0.0000	-0.0000	1.0000
			10.4169	-0.0000	-0.0000
		}
		Visibility 1.0000
	}
	Frame 223 {
		TM {
			1.0000	0.0000	-0.0000
			-0.0000	1.0000	0.0000
			0.0000	-0.0000	1.0000
			10.4169	-0.0000	-0.0000
		}
		Visibility 1.0000
	}
	Frame 224 {
		TM {
			1.0000	0.0000	-0.0000
			-0.0000	1.0000	0.0000
			0.0000	-0.0000	1.0000
			10.4169	-0.0000	-0.0000
		}
		Visibility 1.0000
	}
	Frame 225 {
		TM {
			1.0000	0.0000	-0.0000
			-0.0000	1.0000	0.0000
			0.0000	-0.0000	1.0000
			10.4169	-0.0000	-0.0000
		}
		Visibility 1.0000
	}
	Frame 226 {
		TM {
			1.0000	0.0000	-0.0000
			-0.0000	1.0000	0.0000
			0.0000	-0.0000	1.0000
			10.4169	-0.0000	-0.0000
		}
		Visibility 1.0000
	}
	Frame 227 {
		TM {
			1.0000	0.0000	-0.0000
			-0.0000	1.0000	0.0000
			0.0000	-0.0000	1.0000
			10.4169	-0.0000	-0.0000
		}
		Visibility 1.0000
	}
	Frame 228 {
		TM {
			1.0000	0.0000	-0.0000
			-0.0000	1.0000	0.0000
			0.0000	-0.0000	1.0000
			10.4169	-0.0000	-0.0000
		}
		Visibility 1.0000
	}
	Frame 229 {
		TM {
			1.0000	0.0000	-0.0000
			-0.0000	1.0000	0.0000
			0.0000	-0.0000	1.0000
			10.4169	-0.0000	-0.0000
		}
		Visibility 1.0000
	}
	Frame 230 {
		TM {
			1.0000	0.0000	-0.0000
			-0.0000	1.0000	0.0000
			0.0000	-0.0000	1.0000
			10.4169	-0.0000	-0.0000
		}
		Visibility 1.0000
	}
	Frame 231 {
		TM {
			1.0000	0.0000	-0.0000
			-0.0000	1.0000	0.0000
			0.0000	-0.0000	1.0000
			10.4169	-0.0000	-0.0000
		}
		Visibility 1.0000
	}
	Frame 232 {
		TM {
			1.0000	0.0000	-0.0000
			-0.0000	1.0000	0.0000
			0.0000	-0.0000	1.0000
			10.4169	-0.0000	-0.0000
		}
		Visibility 1.0000
	}
	Frame 233 {
		TM {
			1.0000	0.0000	-0.0000
			-0.0000	1.0000	0.0000
			0.0000	-0.0000	1.0000
			10.4169	-0.0000	-0.0000
		}
		Visibility 1.0000
	}
	Frame 234 {
		TM {
			1.0000	0.0000	-0.0000
			-0.0000	1.0000	0.0000
			0.0000	-0.0000	1.0000
			10.4169	-0.0000	-0.0000
		}
		Visibility 1.0000
	}
	Frame 235 {
		TM {
			1.0000	0.0000	-0.0000
			-0.0000	1.0000	0.0000
			0.0000	-0.0000	1.0000
			10.4169	-0.0000	-0.0000
		}
		Visibility 1.0000
	}
	Frame 236 {
		TM {
			1.0000	0.0000	-0.0000
			-0.0000	1.0000	0.0000
			0.0000	-0.0000	1.0000
			10.4169	-0.0000	-0.0000
		}
		Visibility 1.0000
	}
	Frame 237 {
		TM {
			1.0000	0.0000	-0.0000
			-0.0000	1.0000	0.0000
			0.0000	-0.0000	1.0000
			10.4169	-0.0000	-0.0000
		}
		Visibility 1.0000
	}
	Frame 238 {
		TM {
			1.0000	0.0000	-0.0000
			-0.0000	1.0000	0.0000
			0.0000	-0.0000	1.0000
			10.4169	-0.0000	-0.0000
		}
		Visibility 1.0000
	}
	Frame 239 {
		TM {
			1.0000	0.0000	-0.0000
			-0.0000	1.0000	0.0000
			0.0000	-0.0000	1.0000
			10.4169	-0.0000	-0.0000
		}
		Visibility 1.0000
	}
	Frame 240 {
		TM {
			1.0000	0.0000	-0.0000
			-0.0000	1.0000	0.0000
			0.0000	-0.0000	1.0000
			10.4169	-0.0000	-0.0000
		}
		Visibility 1.0000
	}
	Frame 241 {
		TM {
			1.0000	0.0000	-0.0000
			-0.0000	1.0000	0.0000
			0.0000	-0.0000	1.0000
			10.4169	-0.0000	-0.0000
		}
		Visibility 1.0000
	}
	Frame 242 {
		TM {
			1.0000	0.0000	-0.0000
			-0.0000	1.0000	0.0000
			0.0000	-0.0000	1.0000
			10.4169	-0.0000	-0.0000
		}
		Visibility 1.0000
	}
	Frame 243 {
		TM {
			1.0000	0.0000	-0.0000
			-0.0000	1.0000	0.0000
			0.0000	-0.0000	1.0000
			10.4169	-0.0000	-0.0000
		}
		Visibility 1.0000
	}
	Frame 244 {
		TM {
			1.0000	0.0000	-0.0000
			-0.0000	1.0000	0.0000
			0.0000	-0.0000	1.0000
			10.4169	-0.0000	-0.0000
		}
		Visibility 1.0000
	}
	Frame 245 {
		TM {
			1.0000	0.0000	-0.0000
			-0.0000	1.0000	0.0000
			0.0000	-0.0000	1.0000
			10.4169	-0.0000	-0.0000
		}
		Visibility 1.0000
	}
	Frame 246 {
		TM {
			1.0000	0.0000	-0.0000
			-0.0000	1.0000	0.0000
			0.0000	-0.0000	1.0000
			10.4169	-0.0000	-0.0000
		}
		Visibility 1.0000
	}
	Frame 247 {
		TM {
			1.0000	0.0000	-0.0000
			-0.0000	1.0000	0.0000
			0.0000	-0.0000	1.0000
			10.4169	-0.0000	-0.0000
		}
		Visibility 1.0000
	}
	Frame 248 {
		TM {
			1.0000	0.0000	-0.0000
			-0.0000	1.0000	0.0000
			0.0000	-0.0000	1.0000
			10.4169	-0.0000	-0.0000
		}
		Visibility 1.0000
	}
	Frame 249 {
		TM {
			1.0000	0.0000	-0.0000
			-0.0000	1.0000	0.0000
			0.0000	-0.0000	1.0000
			10.4169	-0.0000	-0.0000
		}
		Visibility 1.0000
	}
	Frame 250 {
		TM {
			1.0000	0.0000	-0.0000
			-0.0000	1.0000	0.0000
			0.0000	-0.0000	1.0000
			10.4169	-0.0000	-0.0000
		}
		Visibility 1.0000
	}
-= Animation: repair, Node cabin =-
	Frame 500 {
		TM {
			0.9998	-0.0001	0.0196
			0.0001	1.0000	-0.0000
			-0.0196	0.0000	0.9998
			10.4247	-0.0005	-0.1661
		}
		Visibility 1.0000
	}
	Frame 501 {
		TM {
			0.9998	-0.0001	0.0200
			0.0001	1.0000	-0.0000
			-0.0200	0.0000	0.9998
			10.4219	-0.0005	-0.1661
		}
		Visibility 1.0000
	}
	Frame 502 {
		TM {
			0.9998	-0.0001	0.0211
			0.0001	1.0000	-0.0000
			-0.0211	0.0000	0.9998
			10.4139	-0.0005	-0.1661
		}
		Visibility 1.0000
	}
	Frame 503 {
		TM {
			0.9997	-0.0001	0.0229
			0.0001	1.0000	-0.0000
			-0.0229	0.0000	0.9997
			10.4013	-0.0005	-0.1661
		}
		Visibility 1.0000
	}
	Frame 504 {
		TM {
			0.9997	-0.0001	0.0250
			0.0001	1.0000	-0.0000
			-0.0250	0.0000	0.9997
			10.3846	-0.0005	-0.1661
		}
		Visibility 1.0000
	}
	Frame 505 {
		TM {
			0.9996	-0.0001	0.0276
			0.0001	1.0000	-0.0000
			-0.0276	0.0000	0.9996
			10.3643	-0.0005	-0.1661
		}
		Visibility 1.0000
	}
	Frame 506 {
		TM {
			0.9995	-0.0001	0.0303
			0.0001	1.0000	-0.0000
			-0.0303	0.0000	0.9995
			10.3410	-0.0005	-0.1661
		}
		Visibility 1.0000
	}
	Frame 507 {
		TM {
			0.9995	-0.0001	0.0330
			0.0001	1.0000	-0.0000
			-0.0330	0.0000	0.9995
			10.3153	-0.0005	-0.1661
		}
		Visibility 1.0000
	}
	Frame 508 {
		TM {
			0.9994	-0.0001	0.0358
			0.0001	1.0000	-0.0000
			-0.0358	0.0000	0.9994
			10.2876	-0.0005	-0.1661
		}
		Visibility 1.0000
	}
	Frame 509 {
		TM {
			0.9993	-0.0001	0.0383
			0.0001	1.0000	-0.0000
			-0.0383	0.0000	0.9993
			10.2586	-0.0005	-0.1661
		}
		Visibility 1.0000
	}
	Frame 510 {
		TM {
			0.9992	-0.0001	0.0405
			0.0001	1.0000	-0.0000
			-0.0405	0.0000	0.9992
			10.2287	-0.0005	-0.1661
		}
		Visibility 1.0000
	}
	Frame 511 {
		TM {
			0.9991	-0.0001	0.0422
			0.0001	1.0000	-0.0000
			-0.0422	0.0000	0.9991
			10.1986	-0.0005	-0.1661
		}
		Visibility 1.0000
	}
	Frame 512 {
		TM {
			0.9991	-0.0001	0.0433
			0.0001	1.0000	-0.0000
			-0.0433	0.0000	0.9991
			10.1687	-0.0005	-0.1661
		}
		Visibility 1.0000
	}
	Frame 513 {
		TM {
			0.9990	-0.0001	0.0437
			0.0001	1.0000	-0.0000
			-0.0437	0.0000	0.9990
			10.1397	-0.0005	-0.1661
		}
		Visibility 1.0000
	}
	Frame 514 {
		TM {
			0.9992	-0.0001	0.0404
			0.0001	1.0000	-0.0000
			-0.0404	0.0000	0.9992
			10.1120	-0.0005	-0.1661
		}
		Visibility 1.0000
	}
	Frame 515 {
		TM {
			0.9995	-0.0001	0.0317
			0.0001	1.0000	-0.0000
			-0.0317	0.0000	0.9995
			10.0863	-0.0005	-0.1661
		}
		Visibility 1.0000
	}
	Frame 516 {
		TM {
			0.9998	-0.0001	0.0195
			0.0001	1.0000	-0.0000
			-0.0195	0.0000	0.9998
			10.0630	-0.0005	-0.1661
		}
		Visibility 1.0000
	}
	Frame 517 {
		TM {
			1.0000	-0.0001	0.0054
			0.0001	1.0000	-0.0000
			-0.0054	0.0000	1.0000
			10.0427	-0.0005	-0.1661
		}
		Visibility 1.0000
	}
	Frame 518 {
		TM {
			1.0000	-0.0001	-0.0087
			0.0001	1.0000	-0.0000
			0.0087	0.0000	1.0000
			10.0260	-0.0005	-0.1661
		}
		Visibility 1.0000
	}
	Frame 519 {
		TM {
			0.9998	-0.0001	-0.0210
			0.0001	1.0000	-0.0000
			0.0210	0.0000	0.9998
			10.0134	-0.0005	-0.1661
		}
		Visibility 1.0000
	}
	Frame 520 {
		TM {
			0.9996	-0.0001	-0.0296
			0.0001	1.0000	-0.0000
			0.0296	0.0000	0.9996
			10.0054	-0.0005	-0.1661
		}
		Visibility 1.0000
	}
	Frame 521 {
		TM {
			0.9995	-0.0001	-0.0329
			0.0001	1.0000	-0.0000
			0.0329	0.0000	0.9995
			10.0026	-0.0005	-0.1661
		}
		Visibility 1.0000
	}
	Frame 522 {
		TM {
			0.9995	-0.0001	-0.0319
			0.0001	1.0000	-0.0000
			0.0319	0.0000	0.9995
			10.0109	-0.0005	-0.1661
		}
		Visibility 1.0000
	}
	Frame 523 {
		TM {
			0.9996	-0.0001	-0.0290
			0.0001	1.0000	-0.0000
			0.0290	0.0000	0.9996
			10.0339	-0.0005	-0.1661
		}
		Visibility 1.0000
	}
	Frame 524 {
		TM {
			0.9997	-0.0001	-0.0247
			0.0001	1.0000	-0.0000
			0.0247	0.0000	0.9997
			10.0686	-0.0005	-0.1661
		}
		Visibility 1.0000
	}
	Frame 525 {
		TM {
			0.9998	-0.0001	-0.0193
			0.0001	1.0000	-0.0000
			0.0193	0.0000	0.9998
			10.1120	-0.0005	-0.1661
		}
		Visibility 1.0000
	}
	Frame 526 {
		TM {
			0.9999	-0.0001	-0.0132
			0.0001	1.0000	-0.0000
			0.0132	0.0000	0.9999
			10.1614	-0.0005	-0.1661
		}
		Visibility 1.0000
	}
	Frame 527 {
		TM {
			1.0000	-0.0001	-0.0067
			0.0001	1.0000	-0.0000
			0.0067	0.0000	1.0000
			10.2136	-0.0005	-0.1661
		}
		Visibility 1.0000
	}
	Frame 528 {
		TM {
			1.0000	-0.0001	-0.0002
			0.0001	1.0000	-0.0000
			0.0002	0.0000	1.0000
			10.2659	-0.0005	-0.1661
		}
		Visibility 1.0000
	}
	Frame 529 {
		TM {
			1.0000	-0.0001	0.0060
			0.0001	1.0000	-0.0000
			-0.0060	0.0000	1.0000
			10.3153	-0.0005	-0.1661
		}
		Visibility 1.0000
	}
	Frame 530 {
		TM {
			0.9999	-0.0001	0.0114
			0.0001	1.0000	-0.0000
			-0.0114	0.0000	0.9999
			10.3587	-0.0005	-0.1661
		}
		Visibility 1.0000
	}
	Frame 531 {
		TM {
			0.9999	-0.0001	0.0157
			0.0001	1.0000	-0.0000
			-0.0157	0.0000	0.9999
			10.3934	-0.0005	-0.1661
		}
		Visibility 1.0000
	}
	Frame 532 {
		TM {
			0.9998	-0.0001	0.0186
			0.0001	1.0000	-0.0000
			-0.0186	0.0000	0.9998
			10.4164	-0.0005	-0.1661
		}
		Visibility 1.0000
	}
	Frame 533 {
		TM {
			0.9998	-0.0001	0.0196
			0.0001	1.0000	-0.0000
			-0.0196	0.0000	0.9998
			10.4247	-0.0005	-0.1661
		}
		Visibility 1.0000
	}
	Frame 534 {
		TM {
			0.9998	-0.0001	0.0196
			0.0001	1.0000	-0.0000
			-0.0196	0.0000	0.9998
			10.4247	-0.0005	-0.1661
		}
		Visibility 1.0000
	}
	Frame 535 {
		TM {
			0.9998	-0.0001	0.0196
			0.0001	1.0000	-0.0000
			-0.0196	0.0000	0.9998
			10.4247	-0.0005	-0.1661
		}
		Visibility 1.0000
	}
	Frame 536 {
		TM {
			0.9998	-0.0001	0.0196
			0.0001	1.0000	-0.0000
			-0.0196	0.0000	0.9998
			10.4247	-0.0005	-0.1661
		}
		Visibility 1.0000
	}
	Frame 537 {
		TM {
			0.9998	-0.0001	0.0196
			0.0001	1.0000	-0.0000
			-0.0196	0.0000	0.9998
			10.4247	-0.0005	-0.1661
		}
		Visibility 1.0000
	}
	Frame 538 {
		TM {
			0.9998	-0.0001	0.0196
			0.0001	1.0000	-0.0000
			-0.0196	0.0000	0.9998
			10.4247	-0.0005	-0.1661
		}
		Visibility 1.0000
	}
	Frame 539 {
		TM {
			0.9998	-0.0001	0.0196
			0.0001	1.0000	-0.0000
			-0.0196	0.0000	0.9998
			10.4247	-0.0005	-0.1661
		}
		Visibility 1.0000
	}
	Frame 540 {
		TM {
			0.9998	-0.0001	0.0196
			0.0001	1.0000	-0.0000
			-0.0196	0.0000	0.9998
			10.4247	-0.0005	-0.1661
		}
		Visibility 1.0000
	}
	Frame 541 {
		TM {
			0.9998	-0.0001	0.0196
			0.0001	1.0000	-0.0000
			-0.0196	0.0000	0.9998
			10.4247	-0.0005	-0.1661
		}
		Visibility 1.0000
	}
	Frame 542 {
		TM {
			0.9998	-0.0001	0.0196
			0.0001	1.0000	-0.0000
			-0.0196	0.0000	0.9998
			10.4247	-0.0005	-0.1661
		}
		Visibility 1.0000
	}
	Frame 543 {
		TM {
			0.9998	-0.0001	0.0196
			0.0001	1.0000	-0.0000
			-0.0196	0.0000	0.9998
			10.4247	-0.0005	-0.1661
		}
		Visibility 1.0000
	}
	Frame 544 {
		TM {
			0.9998	-0.0001	0.0196
			0.0001	1.0000	-0.0000
			-0.0196	0.0000	0.9998
			10.4247	-0.0005	-0.1661
		}
		Visibility 1.0000
	}
	Frame 545 {
		TM {
			0.9998	-0.0001	0.0196
			0.0001	1.0000	-0.0000
			-0.0196	0.0000	0.9998
			10.4247	-0.0005	-0.1661
		}
		Visibility 1.0000
	}
	Frame 546 {
		TM {
			0.9998	-0.0001	0.0196
			0.0001	1.0000	-0.0000
			-0.0196	0.0000	0.9998
			10.4247	-0.0005	-0.1661
		}
		Visibility 1.0000
	}
	Frame 547 {
		TM {
			0.9998	-0.0001	0.0196
			0.0001	1.0000	-0.0000
			-0.0196	0.0000	0.9998
			10.4247	-0.0005	-0.1661
		}
		Visibility 1.0000
	}
	Frame 548 {
		TM {
			0.9998	-0.0001	0.0196
			0.0001	1.0000	-0.0000
			-0.0196	0.0000	0.9998
			10.4247	-0.0005	-0.1661
		}
		Visibility 1.0000
	}
	Frame 549 {
		TM {
			0.9998	-0.0001	0.0196
			0.0001	1.0000	-0.0000
			-0.0196	0.0000	0.9998
			10.4247	-0.0005	-0.1661
		}
		Visibility 1.0000
	}
	Frame 550 {
		TM {
			0.9998	-0.0001	0.0196
			0.0001	1.0000	-0.0000
			-0.0196	0.0000	0.9998
			10.4247	-0.0005	-0.1661
		}
		Visibility 1.0000
	}
-= Animation: doorleft, Node DoorL =-
	Frame 200 {
		TM {
			0.9998	-0.0025	-0.0196
			0.0025	1.0000	-0.0000
			0.0196	-0.0000	0.9998
			6.5468	7.9114	6.1585
		}
		Visibility 1.0000
	}
	Frame 201 {
		TM {
			0.9998	-0.0025	-0.0196
			0.0025	1.0000	-0.0000
			0.0196	-0.0000	0.9998
			6.5468	7.9114	6.1585
		}
		Visibility 1.0000
	}
	Frame 202 {
		TM {
			0.9998	-0.0025	-0.0196
			0.0025	1.0000	-0.0000
			0.0196	-0.0000	0.9998
			6.5468	7.9114	6.1585
		}
		Visibility 1.0000
	}
	Frame 203 {
		TM {
			0.9998	-0.0025	-0.0196
			0.0025	1.0000	-0.0000
			0.0196	-0.0000	0.9998
			6.5468	7.9114	6.1585
		}
		Visibility 1.0000
	}
	Frame 204 {
		TM {
			0.9998	-0.0025	-0.0196
			0.0025	1.0000	-0.0000
			0.0196	-0.0000	0.9998
			6.5468	7.9114	6.1585
		}
		Visibility 1.0000
	}
	Frame 205 {
		TM {
			0.9998	-0.0025	-0.0196
			0.0025	1.0000	-0.0000
			0.0196	-0.0000	0.9998
			6.5468	7.9114	6.1585
		}
		Visibility 1.0000
	}
	Frame 206 {
		TM {
			0.9998	-0.0025	-0.0196
			0.0025	1.0000	-0.0000
			0.0196	-0.0000	0.9998
			6.5468	7.9114	6.1585
		}
		Visibility 1.0000
	}
	Frame 207 {
		TM {
			0.9998	-0.0025	-0.0196
			0.0025	1.0000	-0.0000
			0.0196	-0.0000	0.9998
			6.5468	7.9114	6.1585
		}
		Visibility 1.0000
	}
	Frame 208 {
		TM {
			0.9998	-0.0025	-0.0196
			0.0025	1.0000	-0.0000
			0.0196	-0.0000	0.9998
			6.5468	7.9114	6.1585
		}
		Visibility 1.0000
	}
	Frame 209 {
		TM {
			0.9998	-0.0025	-0.0196
			0.0025	1.0000	-0.0000
			0.0196	-0.0000	0.9998
			6.5468	7.9114	6.1585
		}
		Visibility 1.0000
	}
	Frame 210 {
		TM {
			0.9998	-0.0025	-0.0196
			0.0025	1.0000	-0.0000
			0.0196	-0.0000	0.9998
			6.5468	7.9114	6.1585
		}
		Visibility 1.0000
	}
	Frame 211 {
		TM {
			0.9998	-0.0025	-0.0196
			0.0025	1.0000	-0.0000
			0.0196	-0.0000	0.9998
			6.5468	7.9114	6.1585
		}
		Visibility 1.0000
	}
	Frame 212 {
		TM {
			0.9998	-0.0025	-0.0196
			0.0025	1.0000	-0.0000
			0.0196	-0.0000	0.9998
			6.5468	7.9114	6.1585
		}
		Visibility 1.0000
	}
	Frame 213 {
		TM {
			0.9998	-0.0025	-0.0196
			0.0025	1.0000	-0.0000
			0.0196	-0.0000	0.9998
			6.5468	7.9114	6.1585
		}
		Visibility 1.0000
	}
	Frame 214 {
		TM {
			0.9998	-0.0025	-0.0196
			0.0025	1.0000	-0.0000
			0.0196	-0.0000	0.9998
			6.5468	7.9114	6.1585
		}
		Visibility 1.0000
	}
	Frame 215 {
		TM {
			0.9998	-0.0025	-0.0196
			0.0025	1.0000	-0.0000
			0.0196	-0.0000	0.9998
			6.5468	7.9114	6.1585
		}
		Visibility 1.0000
	}
	Frame 216 {
		TM {
			0.9994	-0.0270	-0.0195
			0.0270	0.9996	-0.0005
			0.0195	-0.0000	0.9998
			6.5468	7.9114	6.1585
		}
		Visibility 1.0000
	}
	Frame 217 {
		TM {
			0.9956	-0.0916	-0.0192
			0.0916	0.9958	-0.0017
			0.0193	-0.0000	0.9998
			6.5468	7.9114	6.1585
		}
		Visibility 1.0000
	}
	Frame 218 {
		TM {
			0.9829	-0.1832	-0.0187
			0.1831	0.9831	-0.0035
			0.0190	-0.0000	0.9998
			6.5468	7.9114	6.1585
		}
		Visibility 1.0000
	}
	Frame 219 {
		TM {
			0.9576	-0.2874	-0.0182
			0.2874	0.9578	-0.0055
			0.0190	0.0000	0.9998
			6.5468	7.9114	6.1585
		}
		Visibility 1.0000
	}
	Frame 220 {
		TM {
			0.9205	-0.3904	-0.0176
			0.3903	0.9207	-0.0075
			0.0191	0.0001	0.9998
			6.5468	7.9114	6.1585
		}
		Visibility 1.0000
	}
	Frame 221 {
		TM {
			0.8774	-0.4794	-0.0170
			0.4793	0.8776	-0.0093
			0.0194	0.0000	0.9998
			6.5468	7.9114	6.1585
		}
		Visibility 1.0000
	}
	Frame 222 {
		TM {
			0.8387	-0.5443	-0.0165
			0.5442	0.8389	-0.0107
			0.0196	-0.0000	0.9998
			6.5468	7.9114	6.1585
		}
		Visibility 1.0000
	}
	Frame 223 {
		TM {
			0.8061	-0.5915	-0.0159
			0.5914	0.8063	-0.0116
			0.0197	-0.0001	0.9998
			6.5468	7.9114	6.1585
		}
		Visibility 1.0000
	}
	Frame 224 {
		TM {
			0.7739	-0.6331	-0.0154
			0.6330	0.7741	-0.0125
			0.0198	-0.0001	0.9998
			6.5468	7.9114	6.1585
		}
		Visibility 1.0000
	}
	Frame 225 {
		TM {
			0.7428	-0.6693	-0.0148
			0.6692	0.7430	-0.0132
			0.0198	-0.0001	0.9998
			6.5468	7.9114	6.1585
		}
		Visibility 1.0000
	}
	Frame 226 {
		TM {
			0.7134	-0.7006	-0.0142
			0.7005	0.7135	-0.0138
			0.0198	-0.0001	0.9998
			6.5468	7.9114	6.1585
		}
		Visibility 1.0000
	}
	Frame 227 {
		TM {
			0.6863	-0.7272	-0.0136
			0.7271	0.6864	-0.0143
			0.0197	-0.0001	0.9998
			6.5468	7.9114	6.1585
		}
		Visibility 1.0000
	}
	Frame 228 {
		TM {
			0.6618	-0.7495	-0.0131
			0.7494	0.6620	-0.0147
			0.0197	-0.0001	0.9998
			6.5468	7.9114	6.1585
		}
		Visibility 1.0000
	}
	Frame 229 {
		TM {
			0.6405	-0.7678	-0.0126
			0.7677	0.6407	-0.0151
			0.0197	-0.0000	0.9998
			6.5468	7.9114	6.1585
		}
		Visibility 1.0000
	}
	Frame 230 {
		TM {
			0.6227	-0.7824	-0.0122
			0.7822	0.6228	-0.0153
			0.0196	-0.0000	0.9998
			6.5468	7.9114	6.1585
		}
		Visibility 1.0000
	}
	Frame 231 {
		TM {
			0.6095	-0.7927	-0.0120
			0.7926	0.6096	-0.0155
			0.0196	-0.0000	0.9998
			6.5468	7.9114	6.1585
		}
		Visibility 1.0000
	}
	Frame 232 {
		TM {
			0.6012	-0.7990	-0.0118
			0.7989	0.6013	-0.0157
			0.0196	-0.0000	0.9998
			6.5468	7.9114	6.1585
		}
		Visibility 1.0000
	}
	Frame 233 {
		TM {
			0.5968	-0.8023	-0.0117
			0.8022	0.5969	-0.0157
			0.0196	-0.0000	0.9998
			6.5468	7.9114	6.1585
		}
		Visibility 1.0000
	}
	Frame 234 {
		TM {
			0.5950	-0.8036	-0.0117
			0.8035	0.5951	-0.0158
			0.0196	-0.0000	0.9998
			6.5468	7.9114	6.1585
		}
		Visibility 1.0000
	}
	Frame 235 {
		TM {
			0.5947	-0.8039	-0.0117
			0.8037	0.5948	-0.0158
			0.0196	-0.0000	0.9998
			6.5468	7.9114	6.1585
		}
		Visibility 1.0000
	}
	Frame 236 {
		TM {
			0.5947	-0.8039	-0.0117
			0.8037	0.5948	-0.0158
			0.0196	-0.0000	0.9998
			6.5468	7.9114	6.1585
		}
		Visibility 1.0000
	}
	Frame 237 {
		TM {
			0.5947	-0.8039	-0.0117
			0.8037	0.5948	-0.0158
			0.0196	-0.0000	0.9998
			6.5468	7.9114	6.1585
		}
		Visibility 1.0000
	}
	Frame 238 {
		TM {
			0.5947	-0.8039	-0.0117
			0.8037	0.5948	-0.0158
			0.0196	-0.0000	0.9998
			6.5468	7.9114	6.1585
		}
		Visibility 1.0000
	}
	Frame 239 {
		TM {
			0.5947	-0.8039	-0.0117
			0.8037	0.5948	-0.0158
			0.0196	-0.0000	0.9998
			6.5468	7.9114	6.1585
		}
		Visibility 1.0000
	}
	Frame 240 {
		TM {
			0.5947	-0.8039	-0.0117
			0.8037	0.5948	-0.0158
			0.0196	-0.0000	0.9998
			6.5468	7.9114	6.1585
		}
		Visibility 1.0000
	}
	Frame 241 {
		TM {
			0.5947	-0.8039	-0.0117
			0.8037	0.5948	-0.0158
			0.0196	-0.0000	0.9998
			6.5468	7.9114	6.1585
		}
		Visibility 1.0000
	}
	Frame 242 {
		TM {
			0.5947	-0.8039	-0.0117
			0.8037	0.5948	-0.0158
			0.0196	-0.0000	0.9998
			6.5468	7.9114	6.1585
		}
		Visibility 1.0000
	}
	Frame 243 {
		TM {
			0.5947	-0.8039	-0.0117
			0.8037	0.5948	-0.0158
			0.0196	-0.0000	0.9998
			6.5468	7.9114	6.1585
		}
		Visibility 1.0000
	}
	Frame 244 {
		TM {
			0.5947	-0.8039	-0.0117
			0.8037	0.5948	-0.0158
			0.0196	-0.0000	0.9998
			6.5468	7.9114	6.1585
		}
		Visibility 1.0000
	}
	Frame 245 {
		TM {
			0.5947	-0.8039	-0.0117
			0.8037	0.5948	-0.0158
			0.0196	-0.0000	0.9998
			6.5468	7.9114	6.1585
		}
		Visibility 1.0000
	}
	Frame 246 {
		TM {
			0.5947	-0.8039	-0.0117
			0.8037	0.5948	-0.0158
			0.0196	-0.0000	0.9998
			6.5468	7.9114	6.1585
		}
		Visibility 1.0000
	}
	Frame 247 {
		TM {
			0.5947	-0.8039	-0.0117
			0.8037	0.5948	-0.0158
			0.0196	-0.0000	0.9998
			6.5468	7.9114	6.1585
		}
		Visibility 1.0000
	}
	Frame 248 {
		TM {
			0.5947	-0.8039	-0.0117
			0.8037	0.5948	-0.0158
			0.0196	-0.0000	0.9998
			6.5468	7.9114	6.1585
		}
		Visibility 1.0000
	}
	Frame 249 {
		TM {
			0.5947	-0.8039	-0.0117
			0.8037	0.5948	-0.0158
			0.0196	-0.0000	0.9998
			6.5468	7.9114	6.1585
		}
		Visibility 1.0000
	}
	Frame 250 {
		TM {
			0.5947	-0.8039	-0.0117
			0.8037	0.5948	-0.0158
			0.0196	-0.0000	0.9998
			6.5468	7.9114	6.1585
		}
		Visibility 1.0000
	}
	Frame 251 {
		TM {
			0.5947	-0.8039	-0.0117
			0.8037	0.5948	-0.0158
			0.0196	-0.0000	0.9998
			6.5468	7.9114	6.1585
		}
		Visibility 1.0000
	}
	Frame 252 {
		TM {
			0.5947	-0.8039	-0.0117
			0.8037	0.5948	-0.0158
			0.0196	-0.0000	0.9998
			6.5468	7.9114	6.1585
		}
		Visibility 1.0000
	}
	Frame 253 {
		TM {
			0.5947	-0.8039	-0.0117
			0.8037	0.5948	-0.0158
			0.0196	-0.0000	0.9998
			6.5468	7.9114	6.1585
		}
		Visibility 1.0000
	}
	Frame 254 {
		TM {
			0.5947	-0.8039	-0.0117
			0.8037	0.5948	-0.0158
			0.0196	-0.0000	0.9998
			6.5468	7.9114	6.1585
		}
		Visibility 1.0000
	}
	Frame 255 {
		TM {
			0.5947	-0.8039	-0.0117
			0.8037	0.5948	-0.0158
			0.0196	-0.0000	0.9998
			6.5468	7.9114	6.1585
		}
		Visibility 1.0000
	}
	Frame 256 {
		TM {
			0.5947	-0.8039	-0.0117
			0.8037	0.5948	-0.0158
			0.0196	-0.0000	0.9998
			6.5468	7.9114	6.1585
		}
		Visibility 1.0000
	}
	Frame 257 {
		TM {
			0.5947	-0.8039	-0.0117
			0.8037	0.5948	-0.0158
			0.0196	-0.0000	0.9998
			6.5468	7.9114	6.1585
		}
		Visibility 1.0000
	}
	Frame 258 {
		TM {
			0.5947	-0.8039	-0.0117
			0.8037	0.5948	-0.0158
			0.0196	-0.0000	0.9998
			6.5468	7.9114	6.1585
		}
		Visibility 1.0000
	}
	Frame 259 {
		TM {
			0.5947	-0.8039	-0.0117
			0.8037	0.5948	-0.0158
			0.0196	-0.0000	0.9998
			6.5468	7.9114	6.1585
		}
		Visibility 1.0000
	}
	Frame 260 {
		TM {
			0.5947	-0.8039	-0.0117
			0.8037	0.5948	-0.0158
			0.0196	-0.0000	0.9998
			6.5468	7.9114	6.1585
		}
		Visibility 1.0000
	}
	Frame 261 {
		TM {
			0.5947	-0.8039	-0.0117
			0.8037	0.5948	-0.0158
			0.0196	-0.0000	0.9998
			6.5468	7.9114	6.1585
		}
		Visibility 1.0000
	}
	Frame 262 {
		TM {
			0.5947	-0.8039	-0.0117
			0.8037	0.5948	-0.0158
			0.0196	-0.0000	0.9998
			6.5468	7.9114	6.1585
		}
		Visibility 1.0000
	}
	Frame 263 {
		TM {
			0.5947	-0.8039	-0.0117
			0.8037	0.5948	-0.0158
			0.0196	-0.0000	0.9998
			6.5468	7.9114	6.1585
		}
		Visibility 1.0000
	}
	Frame 264 {
		TM {
			0.5947	-0.8039	-0.0117
			0.8037	0.5948	-0.0158
			0.0196	-0.0000	0.9998
			6.5468	7.9114	6.1585
		}
		Visibility 1.0000
	}
	Frame 265 {
		TM {
			0.5947	-0.8039	-0.0117
			0.8037	0.5948	-0.0158
			0.0196	-0.0000	0.9998
			6.5468	7.9114	6.1585
		}
		Visibility 1.0000
	}
	Frame 266 {
		TM {
			0.5947	-0.8039	-0.0117
			0.8037	0.5948	-0.0158
			0.0196	-0.0000	0.9998
			6.5468	7.9114	6.1585
		}
		Visibility 1.0000
	}
	Frame 267 {
		TM {
			0.5947	-0.8039	-0.0117
			0.8037	0.5948	-0.0158
			0.0196	-0.0000	0.9998
			6.5468	7.9114	6.1585
		}
		Visibility 1.0000
	}
	Frame 268 {
		TM {
			0.5947	-0.8039	-0.0117
			0.8037	0.5948	-0.0158
			0.0196	-0.0000	0.9998
			6.5468	7.9114	6.1585
		}
		Visibility 1.0000
	}
	Frame 269 {
		TM {
			0.5947	-0.8039	-0.0117
			0.8037	0.5948	-0.0158
			0.0196	-0.0000	0.9998
			6.5468	7.9114	6.1585
		}
		Visibility 1.0000
	}
	Frame 270 {
		TM {
			0.5947	-0.8039	-0.0117
			0.8037	0.5948	-0.0158
			0.0196	-0.0000	0.9998
			6.5468	7.9114	6.1585
		}
		Visibility 1.0000
	}
	Frame 271 {
		TM {
			0.5947	-0.8039	-0.0117
			0.8037	0.5948	-0.0158
			0.0196	-0.0000	0.9998
			6.5468	7.9114	6.1585
		}
		Visibility 1.0000
	}
	Frame 272 {
		TM {
			0.5947	-0.8039	-0.0117
			0.8037	0.5948	-0.0158
			0.0196	-0.0000	0.9998
			6.5468	7.9114	6.1585
		}
		Visibility 1.0000
	}
	Frame 273 {
		TM {
			0.5947	-0.8039	-0.0117
			0.8037	0.5948	-0.0158
			0.0196	-0.0000	0.9998
			6.5468	7.9114	6.1585
		}
		Visibility 1.0000
	}
	Frame 274 {
		TM {
			0.5947	-0.8039	-0.0117
			0.8037	0.5948	-0.0158
			0.0196	-0.0000	0.9998
			6.5468	7.9114	6.1585
		}
		Visibility 1.0000
	}
	Frame 275 {
		TM {
			0.5947	-0.8039	-0.0117
			0.8037	0.5948	-0.0158
			0.0196	-0.0000	0.9998
			6.5468	7.9114	6.1585
		}
		Visibility 1.0000
	}
	Frame 276 {
		TM {
			0.5947	-0.8039	-0.0117
			0.8037	0.5948	-0.0158
			0.0196	-0.0000	0.9998
			6.5468	7.9114	6.1585
		}
		Visibility 1.0000
	}
	Frame 277 {
		TM {
			0.5947	-0.8039	-0.0117
			0.8037	0.5948	-0.0158
			0.0196	-0.0000	0.9998
			6.5468	7.9114	6.1585
		}
		Visibility 1.0000
	}
	Frame 278 {
		TM {
			0.5947	-0.8039	-0.0117
			0.8037	0.5948	-0.0158
			0.0196	-0.0000	0.9998
			6.5468	7.9114	6.1585
		}
		Visibility 1.0000
	}
	Frame 279 {
		TM {
			0.5947	-0.8039	-0.0117
			0.8037	0.5948	-0.0158
			0.0196	-0.0000	0.9998
			6.5468	7.9114	6.1585
		}
		Visibility 1.0000
	}
	Frame 280 {
		TM {
			0.5947	-0.8039	-0.0117
			0.8037	0.5948	-0.0158
			0.0196	-0.0000	0.9998
			6.5468	7.9114	6.1585
		}
		Visibility 1.0000
	}
	Frame 281 {
		TM {
			0.5947	-0.8039	-0.0117
			0.8037	0.5948	-0.0158
			0.0196	-0.0000	0.9998
			6.5468	7.9114	6.1585
		}
		Visibility 1.0000
	}
	Frame 282 {
		TM {
			0.5947	-0.8039	-0.0117
			0.8037	0.5948	-0.0158
			0.0196	-0.0000	0.9998
			6.5468	7.9114	6.1585
		}
		Visibility 1.0000
	}
	Frame 283 {
		TM {
			0.5947	-0.8039	-0.0117
			0.8037	0.5948	-0.0158
			0.0196	-0.0000	0.9998
			6.5468	7.9114	6.1585
		}
		Visibility 1.0000
	}
	Frame 284 {
		TM {
			0.5947	-0.8039	-0.0117
			0.8037	0.5948	-0.0158
			0.0196	-0.0000	0.9998
			6.5468	7.9114	6.1585
		}
		Visibility 1.0000
	}
	Frame 285 {
		TM {
			0.5947	-0.8039	-0.0117
			0.8037	0.5948	-0.0158
			0.0196	-0.0000	0.9998
			6.5468	7.9114	6.1585
		}
		Visibility 1.0000
	}
	Frame 286 {
		TM {
			0.5947	-0.8039	-0.0117
			0.8037	0.5948	-0.0158
			0.0196	-0.0000	0.9998
			6.5468	7.9114	6.1585
		}
		Visibility 1.0000
	}
	Frame 287 {
		TM {
			0.5947	-0.8039	-0.0117
			0.8037	0.5948	-0.0158
			0.0196	-0.0000	0.9998
			6.5468	7.9114	6.1585
		}
		Visibility 1.0000
	}
	Frame 288 {
		TM {
			0.5947	-0.8039	-0.0117
			0.8037	0.5948	-0.0158
			0.0196	-0.0000	0.9998
			6.5468	7.9114	6.1585
		}
		Visibility 1.0000
	}
	Frame 289 {
		TM {
			0.5947	-0.8039	-0.0117
			0.8037	0.5948	-0.0158
			0.0196	-0.0000	0.9998
			6.5468	7.9114	6.1585
		}
		Visibility 1.0000
	}
	Frame 290 {
		TM {
			0.5947	-0.8039	-0.0117
			0.8037	0.5948	-0.0158
			0.0196	-0.0000	0.9998
			6.5468	7.9114	6.1585
		}
		Visibility 1.0000
	}
	Frame 291 {
		TM {
			0.5947	-0.8039	-0.0117
			0.8037	0.5948	-0.0158
			0.0196	-0.0000	0.9998
			6.5468	7.9114	6.1585
		}
		Visibility 1.0000
	}
	Frame 292 {
		TM {
			0.5947	-0.8039	-0.0117
			0.8037	0.5948	-0.0158
			0.0196	-0.0000	0.9998
			6.5468	7.9114	6.1585
		}
		Visibility 1.0000
	}
	Frame 293 {
		TM {
			0.5947	-0.8039	-0.0117
			0.8037	0.5948	-0.0158
			0.0196	-0.0000	0.9998
			6.5468	7.9114	6.1585
		}
		Visibility 1.0000
	}
	Frame 294 {
		TM {
			0.5947	-0.8039	-0.0117
			0.8037	0.5948	-0.0158
			0.0196	-0.0000	0.9998
			6.5468	7.9114	6.1585
		}
		Visibility 1.0000
	}
	Frame 295 {
		TM {
			0.5947	-0.8039	-0.0117
			0.8037	0.5948	-0.0158
