;Exported by: Mauzer
;Date:        Sun Feb 27 18:44:23 2011
;File:        E:\Autodesk\Low poly\freelance\DMS\Tanks\Achilles tank\Achilles+_xx.max
{Skeleton
	{bone "basis"
		{Orientation
			1	0	0
			0	-1	0
			0	0	1
		}
		{bone "wheelsl"
			{parameters "wheelsL;"}
			{Position 0.491949	20.2333	7.87997}
			{VolumeView "wheelsl.ply"}
			{bone revolute "wheell2"
				{parameters "ID=trackleft;Radius=0.26;"}
				{Matrix34
					0.998135	0.0607675	-0.00585125
					0	-0.0958459	-0.995396
					-0.0610485	0.99354	-0.0956672
					37.1708	-0.0160522	-0.957592
				}
				{VolumeView "wheell2.ply"}
			}
			{bone revolute "part1"
				{parameters "ID=trackleft;Radius=0.35;"}
				{Matrix34
					0.999048	-0.00228283	-0.0435596
					-0.0436194	-0.0522863	-0.997679
					0	0.99863	-0.0523361
					-51.8198	0.271055	6.92689
				}
				{VolumeView "part1.ply"}
			}
			{bone revolute "wheell4"
				{parameters "ID=trackleft;Radius=0.26;"}
				{Matrix34
					0.999647	0.0258961	0.00585124
					0.00334496	0.0957872	-0.995396
					-0.0263373	0.995065	0.0956668
					7.96667	-0.0160522	-1.36215
				}
				{VolumeView "wheell2.ply"}
			}
			{bone revolute "part4"
				{parameters "ID=trackleft;Radius=0.26;"}
				{Matrix34
					0.999647	0.0262753	0.00380134
					0.00334489	0.017394	-0.999843
					-0.0263373	0.999503	0.0172999
					-8.17314	-0.0160522	-1.06818
				}
				{VolumeView "wheell2.ply"}
			}
			{bone revolute "wheell7"
				{parameters "ID=trackleft;Radius=0.26;"}
				{Matrix34
					0.966006	-0.258514	0.00172806
					-0.014148	-0.05954	-0.998126
					0.258132	0.964171	-0.0611734
					-36.9672	-0.0160522	-0.843931
				}
				{VolumeView "wheell2.ply"}
			}
		}
		{bone "body"
			{parameters "ID=body;"}
			{Matrix34
				0.999048	-0.00228283	-0.0435596
				0	0.99863	-0.0523359
				0.0436194	0.0522861	0.997679
				-1.85921	-0.0764343	23.2364
			}
			{VolumeView "body.ply"}
			{bone "cover1"
				{Matrix34
					0.833886	0	-0.551937
					-0.535542	0.241922	-0.809116
					0.133526	0.970296	0.201735
					28.8645	14.6592	12.9311
				}
				{VolumeView "cover1.ply"}
			}
			{bone "part3"
				{Matrix34
					0.838671	0	-0.544639
					0.0710897	-0.991445	0.109469
					-0.53998	-0.130526	-0.831496
					28.8645	-14.6625	12.9311
				}
				{VolumeView "part3.ply"}
			}
			{bone revolute "wheell1"
				{parameters "ID=trackleft;Radius=0.35;"}
				{Matrix34
					0.994522	-0.104528	0
					-0.00729155	-0.0693745	-0.997564
					0.104274	0.992099	-0.0697566
					49.3165	20.2854	-8.29149
				}
				{VolumeView "wheell1.ply"}
			}
			{bone revolute "part2"
				{parameters "ID=trackRight;Radius=0.35;"}
				{Matrix34
					1	0	0
					0	0	-1
					0	-1	0
					49.3184	-20.3145	-8.19306
				}
				{VolumeView "part2.ply"}
			}
			{bone revolute "wheelr8"
				{parameters "ID=trackRight;Radius=0.35;"}
				{Matrix34
					1	0	0
					0	0.0610485	-0.998135
					0	-0.998135	-0.0610485
					-49.1013	-20.997	-9.49163
				}
				{VolumeView "wheelr8.ply"}
			}
			{bone revolute "wheell11"
				{parameters "ID=trackleft;Radius=0.35;"}
				{Matrix34
					1	0	0
					0	0	-1
					0	1	0
					23.1006	20.332	-4.97359
				}
				{VolumeView "wheell11.ply"}
			}
			{bone revolute "wheell9"
				{parameters "ID=trackleft;Radius=0.35;"}
				{Matrix34
					1	0	0
					0	0	-1
					0	1	0
					-35.0336	20.332	-4.97359
				}
				{VolumeView "wheell11.ply"}
			}
			{bone revolute "wheelr9"
				{parameters "ID=trackRight;Radius=0.35;"}
				{Matrix34
					1	0	0
					0	0	-1
					0	-1	0
					-35.0336	-20.3352	-4.97359
				}
				{VolumeView "wheelr9.ply"}
			}
			{bone "engine"
				{parameters "CommonMesh;ID=engine;"}
				{Matrix34
					0.999048	0	0.0436191
					-0.00228286	0.99863	0.0522863
					-0.0435594	-0.0523361	0.997679
					-30.9667	0.225189	12.6632
				}
				{VolumeView "engine.ply"}
			}
			{bone "part5"
				{Position 2.58028	-19.8626	-11.6816}
				{VolumeView "part5.ply"}
			}
			{bone revolute "turret"
				{parameters "ID=turret;"}
				{speed 0.01}
				{Position 0.156744	0.0741298	14.5948}
				{VolumeView "turret.ply"}
				{bone revolute "gun_rot"
					{parameters "ID=gun;"}
					{limits -10 15}
					{speed 0.01}
					{Matrix34
						0.999389	-0.0348744	0.00247153
						4.16636e-005	0.0718801	0.997413
						-0.0349619	-0.996803	0.0718376
						20.3392	-0.0741327	3.98983
					}
					{VolumeView "gun_rot.ply"}
					{bone "gun"
						{parameters "ID=gun;"}
						{Matrix34
							1	0	0
							0	0	-1
							0	1	0
							-16.5707	-3.98982	0
						}
						{VolumeView "gun.ply"}
					}
				}
				{bone "turret7"
					{Matrix34
						-1	0	0
						0	0	1
						0	1	0
						14.5647	-10.2283	4.62749
					}
				}
			}
		}
		{bone "wheelsr"
			{parameters "wheelsR;"}
			{Position 0.491947	-20.3895	7.87997}
			{VolumeView "wheelsr.ply"}
			{bone revolute "wheelr3"
				{parameters "ID=trackRight;Radius=0.26;"}
				{Matrix34
					1	0	0
					0	0	-1
					0	-1	0
					20.9759	0.0162201	-0.957591
				}
				{VolumeView "wheelr3.ply"}
			}
			{bone revolute "part6"
				{parameters "ID=trackRight;Radius=0.26;"}
				{Matrix34
					1	0	0
					0	0	-1
					0	-1	0
					-8.57087	0.0162201	-0.957591
				}
				{VolumeView "wheelr3.ply"}
			}
			{bone revolute "wheelr6"
				{parameters "ID=trackRight;Radius=0.26;"}
				{Matrix34
					1	0	0
					0	0.0436196	-0.999048
					0	-0.999048	-0.0436196
					-21.0569	0.0162201	-0.957591
				}
				{VolumeView "wheelr3.ply"}
			}
		}
	}
}
{Volume "body1"
	{Polyhedron "body1.vol"}
	{Bone "body"}
	{Position -7.12576	0.0289668	4.08469}
}
{Volume "body2"
	{Polyhedron "body2.vol"}
	{Bone "body"}
	{Matrix34
		-1	0	0
		0	0	1
		0	1	0
		3.08773	0.0347223	-5.93948
	}
}
{Volume "engine"
	{Polyhedron "engine.vol"}
	{Bone "engine"}
	{Matrix34
		0.999048	-0.00228283	-0.0435596
		0	0.99863	-0.052336
		0.0436194	0.0522861	0.997679
		-10.4561	-0.617904	-8.07611
	}
}
{Volume "gun"
	{Cylinder 2.00691 84.2394}
	{Bone "gun_rot"}
	{Matrix34
		0	0	-1
		-0.00174809	0.999999	0
		0.999999	0.00174809	0
		24.0308	0.0847984	0.0861016
	}
}
{Volume "inventory"
	{Box 11.6451 17.7493 7.58965}
	{Bone "body"}
	{Position 0.652654	0.22983	2.85402}
}
{Volume "mantlet"
	{Polyhedron "mantlet.vol"}
	{Bone "gun_rot"}
	{Matrix34
		0	-0.139173	-0.990268
		0.00227831	0.990266	-0.139173
		0.999997	-0.00225617	0.000317074
		1.39146	0.383541	-0.00788069
	}
}
{Volume "part1"
	{Cylinder 6.13293 5.06616}
	{Bone "part1"}
	{Matrix34
		0.999048	-0.0436191	0
		-0.0436192	-0.999049	0
		0	0	-1
		0.0538444	0.0524719	-0.704644
	}
}
{Volume "part2"
	{Cylinder 6.04988 8.36394}
	{Bone "part2"}
	{Matrix34
		0.999048	-0.0436193	0
		-0.0436193	-0.999048	0
		0	0	1
		0.147312	-0.157734	0.117989
	}
}
{Volume "part3"
	{Box 9.50819 7.77545 1.198}
	{Bone "part3"}
	{Matrix34
		0.00894205	0.999931	0.00761876
		-0.84428	0.0116324	-0.535776
		-0.535827	-0.00164155	0.844326
		-1.16169	4.76024	-2.67345
	}
}
{Volume "part4"
	{Cylinder 5.49464 5.08123}
	{Bone "part4"}
	{Matrix34
		0.999647	0.00334497	-0.0263373
		0.00380142	-0.999843	0.0172996
		-0.0262753	-0.0173936	-0.999503
		0.00309541	-0.0671245	-0.0612206
	}
}
{Volume "part5"
	{Box 16.6697 14.2157 6.97357}
	{Bone "part5"}
	{Matrix34
		0.999048	0	0.0436191
		-0.0436125	-0.0174522	0.998896
		0.000761251	-0.999848	-0.0174356
		-0.278893	-0.147284	0.461359
	}
}
{Volume "part6"
	{Cylinder 5.49464 5.08123}
	{Bone "part6"}
	{Matrix34
		0.99863	0	-0.0523357
		0	-1	0
		0.0523357	0	0.99863
		0.0940511	0.0445272	-0.0396109
	}
}
{Volume "trackleft"
	{Polyhedron "trackleft.vol"}
	{Bone "wheelsl"}
	{Position 33.9682	0.133125	15.8495}
}
{Volume "trackright"
	{Polyhedron "trackright.vol"}
	{Bone "wheelsr"}
	{Position 33.9683	-0.652649	15.8495}
}
{Volume "turret1"
	{Polyhedron "turret1.vol"}
	{Bone "turret"}
	{Matrix34
		0.999848	0	-0.0174526
		0	1	0
		0.0174525	0	0.999848
		-0.0585046	0.110102	-0.296944
	}
}
{Volume "turret8"
	{Cylinder 20.2996 2.23102}
	{Bone "turret"}
	{Position 0.280255	-0.0763307	-2.41416}
}
