;Exported by: sasha
;Date:        Wed Jul 30 16:31:09 2008
;File:        D:\-Projects-\-3DWork-\-Vehicles-\Kubel\Kubel+mgun_x.max
{Skeleton
	{bone "basis"
		{parameters "SteerMax=35;WheelRadius=0.2;"}
		{Orientation
			1	0	0
			0	-1	0
			0	0	1
		}
		{bone "body"
			{parameters "ID=body;"}
			{animation
				{sequence "break" {file "body_b.anm"} {speed 0.8}}
			}
			{Matrix34
				-0.999817	0	-0.0191247
				-0.0190889	-0.0611766	0.997944
				-0.00116984	0.998127	0.0611655
				-0.523613	0.00700401	0.954297
			}
			{VolumeView "body.ply"}
			{bone "detail6"
				{parameters "ID=body;"}
				{Position 22.6322	18.5229	12.9018}
				{VolumeView "detail6.ply"}
			}
			{bone "detail5"
				{parameters "ID=body;"}
				{Position 20.3203	19.1404	-12.8532}
				{VolumeView "detail5.ply"}
			}
			{bone "detail2"
				{parameters "ID=body;"}
				{Position -24.0175	16.2815	9.01776}
				{VolumeView "detail2.ply"}
			}
			{bone "driver"
				{Matrix34
					-0.961191	0.273772	-0.0340811
					-0.0327774	0.00933602	0.999419
					0.273931	0.961749	0
					-7.09669	3.11846	4.3068
				}
			}
			{bone "engine"
				{parameters "CommonMesh;ID=engine;"}
				{animation
					{sequence "break" {file "engine_b.anm"} {speed 0.8}}
				}
				{Matrix34
					0.981348	0.191209	-0.0198716
					-0.190698	0.981329	0.0250569
					0.0242917	-0.0208001	0.999489
					30.5277	20.3474	-0.0973204
				}
				{VolumeView "engine.ply"}
				{bone "detail3"
					{parameters "ID=engine;"}
					{Matrix34
						-0.996195	-0.0871557	0
						-0.0871556	0.996195	0
						0	0	-1
						2.79699	-1.01852	0.0158889
					}
					{VolumeView "detail3.ply"}
				}
			}
			{bone "seat01"
				{Matrix34
					-0.883691	0.417936	-0.210761
					-0.203366	0.0627359	0.977091
					0.421584	0.906308	0.0295547
					6.4627	3.88088	3.90861
				}
			}
			{bone "seat02"
				{Matrix34
					-0.904345	0.421703	0.0657725
					0.0596102	-0.0277964	0.997835
					0.422618	0.906308	0
					6.4627	3.88088	-4.58171
				}
			}
			{bone revolute "steer_b"
				{Matrix34
					0.296384	-0.955069	0
					0	0	1
					-0.955069	-0.296384	0
					-12.6467	17.321	4.04354
				}
				{bone "wheel_hand"
					{parameters "ID=body;"}
					{Matrix34
						0	-1	0
						-0.999236	0	-0.0390954
						0.0390958	0	-0.999236
						0.0466976	0.00267792	-1.35498
					}
					{VolumeView "wheel_hand.ply"}
				}
			}
			{bone "commander"
				{Matrix34
					-0.967095	0.254416	0
					0	0	1
					0.254416	0.967095	0
					-10.6803	3.11846	-4.55357
				}
			}
			{bone "doorl"
				{parameters "ID=body;"}
				{Position -0.942748	14.9925	10.5306}
				{LODView
					{VolumeView "doorl.ply"}
					{VolumeView "doorl_lod1.ply"}
				}
			}
			{bone "doorl1"
				{parameters "ID=body;"}
				{Position 0.106204	14.9829	10.5374}
				{LODView
					{VolumeView "doorl1.ply"}
					{VolumeView "doorl1_lod1.ply"}
				}
			}
			{bone "doorr"
				{parameters "ID=body;"}
				{Position -0.922606	14.9934	-10.7259}
				{LODView
					{VolumeView "doorr.ply"}
					{VolumeView "doorr_lod1.ply"}
				}
			}
			{bone "doorr1"
				{parameters "ID=body;"}
				{Position 0.319358	14.9825	-10.7234}
				{LODView
					{VolumeView "doorr1.ply"}
					{VolumeView "doorr1_lod1.ply"}
				}
			}
			{bone "fxsmoke2"
				{Matrix34
					0.94329	0	0.331969
					0.331969	0	-0.94329
					0	1	0
					36.3195	6.9397	7.76974
				}
			}
			{bone "fxstop2"
				{Matrix34
					-1	0	0
					0	0	1
					0	1	0
					30.5032	8.73689	13.2991
				}
			}
			{bone "fxsmoke1"
				{Matrix34
					0.960686	0	-0.277638
					-0.277638	0	-0.960686
					0	1	0
					36.7141	6.83006	-8.29551
				}
			}
			{bone "fxstop1"
				{Matrix34
					-1	0	0
					0	0	1
					0	1	0
					30.5032	8.73689	-13.2319
				}
			}
			{bone "glass"
				{Matrix34
					0	0	1
					0.480464	0.877014	0
					-0.877014	0.480464	0
					-12.5953	24.0285	-0.0626275
				}
				{VolumeView "glass.ply"}
			}
			{bone "headlightr"
				{Matrix34
					-1	0	0
					0	0	1
					0	1	0
					-30.7343	15.3021	-10.3457
				}
			}
			{bone "headlightl"
				{Matrix34
					-1	0	0
					0	0	1
					0	1	0
					-30.7254	15.3021	10.5931
				}
			}
			{bone "visor"
				{Matrix34
					-1	0	0
					0	0	1
					0	1	0
					-14.752	24.6571	6.38465
				}
			}
			{bone "detail4"
				{parameters "ID=body;"}
				{Matrix34
					-0.996195	-0.0871556	0
					-0.0871556	0.996195	0
					0	0	-1
					33.3247	19.3288	-0.0814322
				}
				{VolumeView "detail4.ply"}
			}
			{bone revolute "turret"
				{parameters "ID=gun;"}
				{speed 0.1}
				{Matrix34
					1	0	0
					0	0	-1
					0	1	0
					-0.248192	6.04623	0.271174
				}
				{VolumeView "turret.ply"}
				{bone revolute "gun_rot"
					{parameters "ID=gun;"}
					{limits -20 20}
					{Matrix34
						-0.999988	0	0.00490718
						0.00490705	0	0.999988
						0	1	0
						0.159779	0.192172	20.7669
					}
					{VolumeView "gun_rot.ply"}
					{bone "mgun"
						{Position -4.39121	1.94377	0.0669369}
					}
				}
				{bone "gunner"
					{Matrix34
						-0.999847	-0.0174528	-0.00134087
						0.0174522	-0.999848	5.53764e-005
						-0.00134178	3.2194e-005	0.999999
						11.7548	-0.666062	-0.642746
					}
				}
				{bone "visor2"
					{Matrix34
						-1	0	0
						0	-1	0
						0	0	1
						0.228993	0	26.8963
					}
				}
			}
			{bone "detail1"
				{parameters "ID=body;"}
				{Matrix34
					0.766044	0.642788	0
					0.642788	-0.766044	0
					0	0	1
					-27.0738	17.9507	-0.077314
				}
				{VolumeView "detail1.ply"}
			}
		}
		{bone "pivot_front"
			{Matrix34
				-1	0	0
				0	0	1
				0	1	0
				24.3226	0.116325	4.27343
			}
			{VolumeView "pivot_front.ply"}
			{bone revolute "steer_l1"
				{Matrix34
					1	0	0
					0	0	1
					0	-1	0
					0.24428	-0.448511	11.105
				}
				{bone "fxtracel1"
					{Matrix34
						-1	0	0
						0	1	0
						0	0	-1
						-0.174906	2.08838	3.80067
					}
					{bone revolute "wheelleft1"
						{parameters "ID=wheelleft1;"}
						{Matrix34
							-1	0	0
							0	0	1
							0	1	0
							0.0111427	-0.406411	4.79569
						}
						{VolumeView "wheelleft1.ply"}
					}
				}
			}
			{bone revolute "steer_r1"
				{Matrix34
					1	0	0
					0	0	1
					0	-1	0
					0.22768	-0.458297	-11.6262
				}
				{bone "fxtracer1"
					{Matrix34
						-1	0	0
						0	1	0
						0	0	-1
						-0.158308	-2.47707	3.79089
					}
					{bone revolute "wheelright1"
						{parameters "ID=wheelright1;"}
						{Matrix34
							-1	0	0
							0	0	1
							0	1	0
							0.0111523	0.957516	4.20732
						}
						{VolumeView "wheelright1.ply"}
					}
				}
			}
		}
		{bone "pivot_back"
			{Matrix34
				-1	0	0
				0	0	1
				0	1	0
				-21.3655	0.0662655	4.00134
			}
			{VolumeView "pivot_back.ply"}
			{bone revolute "spring_l2"
				{Matrix34
					1	0	0
					0	0	1
					0	-1	0
					0.052063	0.0773487	11.1551
				}
				{bone "fxtracel2"
					{Matrix34
						-1	0	0
						0	1	0
						0	0	-1
						5.36527	2.08838	4.27545
					}
					{bone revolute "wheelleft2"
						{parameters "ID=wheelleft2;"}
						{Matrix34
							-1	0	0
							0	0	1
							0	1	0
							5.35207	-0.406405	4.16922
						}
						{VolumeView "wheelleft2.ply"}
					}
				}
			}
			{bone revolute "spring_r2"
				{Matrix34
					0.996195	-0.087156	0
					0	0	1
					-0.087156	-0.996195	0
					0.0354633	0.0675631	-11.5762
				}
				{bone "fxtracer2"
					{Matrix34
						-0.996195	0	0.0871561
						0	1	0
						-0.0871561	0	-0.996195
						5.73316	-2.47707	3.78037
					}
					{bone revolute "wheelright2"
						{parameters "ID=wheelright2;"}
						{Matrix34
							-1	0	0
							0	0	1
							0	1	0
							5.36868	0.95752	3.90141
						}
						{VolumeView "wheelright2.ply"}
					}
				}
			}
		}
		{bone "emit1"
			{parameters "Group=driver;"}
			{Matrix34
				0	-1	0
				1	0	0
				0	0	1
				13.4286	25.6292	0
			}
			{visibility 0}
		}
		{bone "emit2"
			{parameters "Group=commander;"}
			{Matrix34
				0	1	0
				-1	0	0
				0	0	1
				13.7095	-25.1158	0
			}
			{visibility 0}
		}
		{bone "emit4"
			{parameters "Group=seat02;"}
			{Matrix34
				0	1	0
				-1	0	0
				0	0	1
				-15.4499	-26.1196	0
			}
			{visibility 0}
		}
		{bone "emit3"
			{parameters "Group=seat01;"}
			{Matrix34
				0	-1	0
				1	0	0
				0	0	1
				-16.163	26.0322	0
			}
			{visibility 0}
		}
	}
}
{Volume "glass"
	{Box 0.723492 21.4437 8.94265}
	{Bone "glass"}
	{Matrix34
		0	0.0220953	0.999756
		1	0	0
		0	0.999756	-0.022095
		-0.0157462	0.154309	0.275109
	}
}
{Volume "wheelleft1"
	{Cylinder 3.93701 3.1398}
	{Bone "wheelleft1"}
	{Position 0	0	0}
}
{Volume "wheelleft2"
	{Cylinder 4.17864 3.1398}
	{Bone "wheelleft2"}
	{Position 0.247983	0.0748527	-0.0240057}
}
{Volume "wheelright1"
	{Cylinder 4.38017 3.1398}
	{Bone "wheelright1"}
	{Position 0	0	0.0733731}
}
{Volume "wheelright2"
	{Cylinder 4.92818 3.1398}
	{Bone "wheelright2"}
	{Position 0	1.07244	0}
}
