;Exported by: garry
;Date:        Tue Apr 17 12:56:47 2007
;File:        D:\-Projects-\-3DWork-\Model\Авто-мото\Daimler Mk.II\hi-poly\mkII_x.max
{Skeleton
	{bone "basis"
		{parameters "WheelRadius=0.40;"}
		{Orientation
			1	0	0
			0	-1	0
			0	0	1
		}
		{bone "body"
			{parameters "ID=body;"}
			{animation
				{sequence "break" {file "body_b.anm"} {speed 0.8}}
			}
			{Position 0	0	7.64993}
			{VolumeView "body.ply"}
			{bone revolute "detail1"
				{Matrix34
					0	-0.361201	-0.932488
					1	0	0
					0	0.932488	-0.361201
					1.70657	21.3792	12.1316
				}
				{VolumeView "detail1.ply"}
			}
			{bone "engine"
				{parameters "CommonMesh;ID=Engine;"}
				{animation
					{sequence "break" {file "engine_b.anm"}}
				}
				{Position -27.7828	0.0847648	17.3311}
				{VolumeView "engine.ply"}
			}
			{bone "detail2"
				{parameters "ID=body;"}
				{Position 0	0	-7.64993}
				{VolumeView "detail2.ply"}
			}
			{bone "doorr"
				{parameters "ID=body;"}
				{Matrix34
					0.996195	-0.037662	0.0785984
					-0.0871558	-0.430478	0.898383
					0	-0.901815	-0.432123
					-4.38851	-17.5133	11.5437
				}
				{VolumeView "doorr.ply"}
			}
			{bone revolute "turret"
				{parameters "ID=turret;"}
				;{animation
				;	{sequence "break" {file "turret_b.anm"} {speed 0.8}}
				;}
				{Position -2.91597	0.0724129	24.2284}
				{VolumeView "turret.ply"}
				{bone "cover"
					{parameters "ID=body;"}
					{Position -1.67321	-0.0628802	10.7543}
					{VolumeView "cover.ply"}
				}
				{bone revolute "gun_rot"
					{parameters "ID=gun;"}
					{Matrix34
						1	0	0
						0	0	1
						0	-1	0
						10.9142	-0.37165	5.51375
					}
					{VolumeView "gun_rot.ply"}
					{bone "coaxial_mgun"
						{parameters "ID=gun;"}
						{limits 25}
						{Matrix34
							0	-1	0
							0	0	-1
							1	0	0
							3.22247	0.230201	4.86878
						}
						{VolumeView "coaxial_mgun.ply"}
					}
					{bone "gun"
						{parameters "ID=gun;"}
						{Matrix34
							1	0	0
							0	0	-1
							0	1	0
							3.27285	-0.0584259	-0.27541
						}
						{VolumeView "gun.ply"}
					}
				}
			}
		}
		{bone "pivot_front"
			{Matrix34
				1	0	0
				0	-1	0
				0	0	1
				25.6162	0	9.07973
			}
			{VolumeView "pivot_front.ply"}
			{bone revolute "steer_l"
				{Matrix34
					1	0	0
					0	0.999402	0.0345865
					0	0.0345865	-0.999402
					-0.268304	-15.0589	0.500804
				}
				{bone revolute "wheell1"
					{parameters "ID=wheelleft1;"}
					{Matrix34
						0.00274961	0.002712	0.999993
						-0.999996	2.82022e-005	0.00274955
						2.07427e-005	0.999996	-0.00271207
						0.167087	-4.3166	-0.571025
					}
					{VolumeView "wheell1.ply"}
				}
			}
			{bone revolute "steer_r"
				{Matrix34
					1	0	0
					0	0.999543	-0.0302251
					0	-0.0302251	-0.999543
					-0.268302	14.9821	0.500807
				}
				{bone revolute "wheelr1"
					{parameters "ID=wheelright1;"}
					{Matrix34
						0	0	1
						-1	0	0
						0	-1	0
						0.167083	4.2558	-0.571024
					}
					{VolumeView "wheelr1.ply"}
				}
			}
		}
		{bone "pivot_back"
			{Matrix34
				-1	0	0
				0	-1	0
				0	0	1
				-24.9281	0	9.07973
			}
			{VolumeView "pivot_back.ply"}
			{bone revolute "wheelr2"
				{parameters "ID=wheelright2;"}
				{Matrix34
					0	0	-1
					1	0	0
					0	-1	0
					-0.279018	19.2379	0.983969
				}
				{VolumeView "wheelr2.ply"}
			}
			{bone revolute "wheell2"
				{parameters "ID=wheelleft2;"}
				{Matrix34
					-0.00127855	-4.57476e-005	-0.999999
					0.999999	0	-0.00127855
					0	1	-4.57396e-005
					-0.279015	-19.626	0.983969
				}
				{VolumeView "wheell2.ply"}
			}
		}
	}
}
{Volume "wheelleft1"
	{Cylinder 7.87402 5.42746}
	{Bone "wheell1"}
	{Matrix34
		-0.00274978	0.999996	-1.98716e-005
		-0.999301	-0.00274712	0.0372961
		-0.0372959	-0.000122421	-0.999304
		-0.053666	0.184546	0.232045
	}
}
{Volume "wheelleft2"
	{Cylinder 7.87402 5.42746}
	{Bone "wheell2"}
	{Matrix34
		-0.0012788	0.999999	0
		-0.999999	-0.0012788	-4.58638e-005
		4.58709e-005	0	-1
		-2.16362e-005	0	0.463222
	}
}
{Volume "wheelright1"
	{Cylinder 7.87402 5.42746}
	{Bone "wheelr1"}
	{Matrix34
		0	1	0
		-0.999543	0	0.0302255
		0.0302255	0	0.999543
		-0.0397139	0.18468	0.044255
	}
}
{Volume "wheelright2"
	{Cylinder 7.87402 5.42746}
	{Bone "wheelr2"}
	{Matrix34
		0	1	0
		-1	0	0
		0	0	1
		0	0	0.0277205
	}
}
