;Exported by: dementor
;Date:        Tue Dec 18 12:57:53 2007
;File:        D:\ASL7000\Stuart M5A1\M5A1_model_2_xx.max
{Skeleton
	{bone "basis"
		{Orientation
			1	0	0
			0	-1	0
			0	0	1
		}
		{bone "body"
			{parameters "CommonMesh;ID=body;"}
			{animation
				{sequence "break" {file "body_b.anm"}}
			}
			{Matrix34
				0.999672	0	0.0256232
				0	1	0
				-0.0256232	0	0.999672
				2.84412	-0.0601883	16.7029
			}
			{VolumeView "body.ply"}
			{bone revolute "turret"
				{parameters "ID=gun;"}
				{animation
					{sequence "break" {file "gun_b.anm"} {speed 0.9}}
				}
				{Matrix34
					0.458495	-0.888687	0.00414514
					0.888263	0.458412	0.0291031
					-0.0277637	-0.00966164	0.999568
					0.645536	0	10.4754
				}
				{VolumeView "turret.ply"}
				{bone revolute "gun_rot"
					{parameters "ID=gun;"}
					{animation
						{sequence "break" {file "gun_b.anm"} {speed 0.9}}
					}
					{Matrix34
						0.992665	-0.0923527	-0.0780262
						0.0813891	0.0332192	0.996129
						-0.0894033	-0.995172	0.0404921
						13.5852	0	5.88463
					}
					{VolumeView "gun_rot.ply"}
					{bone "mgun_coaxial"
						{parameters "ID=gun;"}
						{animation
							{sequence "break" {file "gun_b.anm"} {speed 0.9}}
						}
						{Matrix34
							1	0	0
							0	0	-1
							0	1	0
							1.63826	0.263664	3.12957
						}
						{VolumeView "mgun_coaxial.ply"}
					}
					{bone "gun"
						{parameters "ID=gun;"}
						{Matrix34
							1	0	0
							0	0.319845	0.94747
							0	-0.94747	0.319845
							0	0.800728	-0.863352
						}
						{VolumeView "gun.ply"}
					}
				}
				{bone "cover1"
					{parameters "ID=gun;"}
					{animation
						{sequence "break" {file "gun_b.anm"} {speed 0.9}}
					}
					{Matrix34
						0.158713	-0.98732	-0.00318446
						0.987289	0.158734	-0.00804078
						0.0084443	-0.00186781	0.999963
						-9.40976	-0.0267959	13.9125
					}
					{VolumeView "cover1.ply"}
				}
				{bone "part1"
					{parameters "ID=gun;"}
					{animation
						{sequence "break" {file "gun_b.anm"} {speed 0.9}}
					}
					{Matrix34
						0	-1	0
						0.999998	0	-0.0021553
						0.0021553	0	0.999998
						-10.1029	0.0865541	13.9389
					}
					{VolumeView "part1.ply"}
				}
			}
			{bone "mgun"
;				{limits 20}
				{Matrix34
					0.965012	0	-0.262207
					0	1	0
					0.262207	0	0.965012
					31.2879	-8.47608	1.87691
				}
				{VolumeView "mgun.ply"}
			}
			{bone "engine"
				{parameters "ID=body;"}
				{Position 0	0	-0.398405}
				{VolumeView "engine.ply"}
			}
			{bone revolute "wheell1"
				{parameters "ID=trackleft;"}
				{Matrix34
					-1	0	0
					0	0	1
					0	1	0
					34.651	18.5837	-7.94484
				}
				{VolumeView "wheell1.ply"}
			}
			{bone revolute "part3"
				{parameters "ID=trackright;"}
				{Matrix34
					-1	0	0
					0	0	1
					0	1	0
					34.651	-18.5838	-7.94483
				}
				{VolumeView "part3.ply"}
			}
			{bone revolute "part2"
				{parameters "ID=trackright;"}
				{Matrix34
					-0.999672	0	0.0256226
					0.0256226	0	0.999672
					0	1	0
					11.3	-18.5018	-10.9142
				}
				{VolumeView "part2.ply"}
			}
			{bone "part4"
				{parameters "CommonMesh;ID=body;"}
				{animation
					{sequence "break" {file "body_b.anm"}}
				}
				{Position 0	0	0}
				{VolumeView "part4.ply"}
			}
		}
		{bone "wheelsr"
			{parameters "ID=trackright;"}
			{Matrix34
				0	-1	0
				1	0	0
				0	0	1
				2.85433	-0.0601902	19.6706
			}
			{VolumeView "wheelsr.ply"}
			{bone revolute "wheelr4"
				{parameters "ID=trackright;"}
				{Matrix34
					0	-1	0
					0	0	1
					-1	0	0
					18.5018	-0.290646	-13.6973
				}
				{VolumeView "wheelr4.ply"}
			}
			{bone revolute "wheelr2"
				{parameters "ID=trackright;"}
				{Matrix34
					0	-1	0
					0	0	1
					-1	0	0
					18.5018	24.8925	-13.7025
				}
				{VolumeView "wheelr2.ply"}
			}
			{bone revolute "wheelr6"
				{parameters "Radius=0.6;ID=trackright;"}
				{Matrix34
					0	-1	0
					0	0	1
					-1	0	0
					18.6104	-32.1078	-11.4838
				}
				{VolumeView "wheelr6.ply"}
			}
		}
		{bone "wheelsl"
			{parameters "ID=trackleft;"}
			{Matrix34
				0	-1	0
				1	0	0
				0	0	1
				2.85433	-0.0601902	19.6706
			}
			{VolumeView "wheelsl.ply"}
			{bone revolute "wheell2"
				{parameters "ID=trackleft;"}
				{Matrix34
					0	-1	0
					0	0	1
					-1	0	0
					-18.6204	24.8925	-13.7025
				}
				{VolumeView "wheell2.ply"}
			}
			{bone revolute "wheell4"
				{parameters "ID=trackleft;"}
				{Matrix34
					0.156234	-0.98772	0
					0	0	1
					-0.98772	-0.156234	0
					-18.6204	-0.104126	-13.725
				}
				{VolumeView "wheell4.ply"}
			}
			{bone revolute "wheell5"
				{parameters "ID=trackleft;"}
				{Matrix34
					0	-1	0
					0	0	1
					-1	0	0
					-18.6204	-13.7509	-13.5293
				}
				{VolumeView "wheell5.ply"}
			}
			{bone revolute "wheell6"
				{parameters "Radius=0.6;ID=trackleft;"}
				{Matrix34
					0	-1	0
					-0.213929	0	0.976849
					-0.976849	0	-0.213929
					-18.655	-32.1078	-11.6874
				}
				{VolumeView "wheell6.ply"}
			}
		}
	}
}
{Volume "body1"
	{Polyhedron "body1.vol"}
	{Bone "body"}
	{Matrix34
		0	-1	0
		1	0	0
		0	0	1
		3.14012	-0.163799	-13.2885
	}
}
{Volume "body2"
	{Polyhedron "body2.vol"}
	{Bone "body"}
	{Matrix34
		0	-1	0
		1	0	0
		0	0	1
		13.4846	-0.0845032	2.81157
	}
}
{Volume "body3"
	{Polyhedron "body3.vol"}
	{Bone "body"}
	{Matrix34
		0	-1	0
		1	0	0
		0	0	1
		1.34895	-0.329679	10.8391
	}
}
{Volume "engine"
	{Polyhedron "engine.vol"}
	{Bone "engine"}
	{Matrix34
		-1	0	0
		0	0	1
		0	1	0
		-29.0271	-21.8711	8.02952
	}
}
{Volume "mantlet"
	{Polyhedron "mantlet.vol"}
	{Bone "gun_rot"}
	{Matrix34
		-1	0	0
		0	1	0
		0	0	-1
		2.01595	0.44688	4.24823
	}
}
{Volume "part1"
	{Box 10.1458 10.8681 0.54428}
	{Bone "part1"}
	{Matrix34
		0.0260536	0.999584	-0.0124009
		-0.998315	0.0253732	-0.0521902
		-0.0518538	0.0137397	0.99856
		4.43651	4.78707	-0.174205
	}
}
{Volume "part2"
	{Box 11.2419 11.2419 4.53033}
	{Bone "part2"}
	{Matrix34
		-1	0	0
		0	1	0
		0	0	-1
		0.10654	0.183003	0.500397
	}
}
{Volume "part3"
	{Box 11.2419 11.2419 4.53033}
	{Bone "part3"}
	{Matrix34
		-0.999672	-0.0256235	0
		-0.0256235	0.999672	0
		0	0	-1
		-0.125571	-0.241923	0.08707
	}
}
{Volume "part4"
	{Box 34.5647 5.36928 0.11186}
	{Bone "part4"}
	{Matrix34
		0.999672	0	-0.0256232
		0.0256232	0	0.999672
		0	-1	0
		-10.3173	-21.9263	-0.278811
	}
}
{Volume "trackleft"
	{Box 7.04498 81.6695 19.3084}
	{Bone "wheelsl"}
	{Position -18.4712	-0.393062	-10.6673}
}
{Volume "trackright"
	{Box 7.04498 81.6695 19.3084}
	{Bone "wheelsr"}
	{Matrix34
		1	0	0
		0	1	0
		0	0	1
		18.3257	-0.393059	-10.6673
	}
}
{Volume "turret"
	{Polyhedron "turret.vol"}
	{Bone "turret"}
	{Matrix34
		0	-1	0
		1	0	0
		0	0	1
		-1.55252	0.155247	2.69097
	}
}
