-= Animation: break, Node body =-
	Frame 60 {
		TM {
			1.0000	0.0000	-0.0000
			0.0000	1.0000	-0.0000
			-0.0000	-0.0000	1.0000
			-0.9901	-0.0996	10.5525
		}
		Visibility 1.0000
	}
	Frame 61 {
		TM {
			1.0000	0.0000	-0.0002
			0.0000	1.0000	0.0008
			0.0002	-0.0008	1.0000
			-0.9901	-0.0996	10.5457
		}
		Visibility 1.0000
	}
	Frame 62 {
		TM {
			1.0000	0.0000	-0.0009
			0.0000	1.0000	0.0030
			0.0009	-0.0030	1.0000
			-0.9901	-0.0996	10.5259
		}
		Visibility 1.0000
	}
	Frame 63 {
		TM {
			1.0000	0.0000	-0.0020
			0.0000	1.0000	0.0065
			0.0020	-0.0065	1.0000
			-0.9901	-0.0996	10.4942
		}
		Visibility 1.0000
	}
	Frame 64 {
		TM {
			1.0000	0.0000	-0.0035
			0.0000	0.9999	0.0110
			0.0035	-0.0110	0.9999
			-0.9901	-0.0996	10.4516
		}
		Visibility 1.0000
	}
	Frame 65 {
		TM {
			1.0000	0.0000	-0.0052
			0.0001	0.9999	0.0164
			0.0052	-0.0164	0.9999
			-0.9901	-0.0996	10.3991
		}
		Visibility 1.0000
	}
	Frame 66 {
		TM {
			1.0000	0.0000	-0.0071
			0.0002	0.9997	0.0224
			0.0071	-0.0224	0.9997
			-0.9901	-0.0996	10.3378
		}
		Visibility 1.0000
	}
	Frame 67 {
		TM {
			1.0000	0.0000	-0.0091
			0.0003	0.9996	0.0290
			0.0091	-0.0290	0.9995
			-0.9901	-0.0996	10.2687
		}
		Visibility 1.0000
	}
	Frame 68 {
		TM {
			0.9999	0.0000	-0.0113
			0.0004	0.9994	0.0358
			0.0113	-0.0358	0.9993
			-0.9901	-0.0996	10.1929
		}
		Visibility 1.0000
	}
	Frame 69 {
		TM {
			0.9999	0.0000	-0.0134
			0.0006	0.9991	0.0427
			0.0134	-0.0427	0.9990
			-0.9901	-0.0996	10.1114
		}
		Visibility 1.0000
	}
	Frame 70 {
		TM {
			0.9999	0.0000	-0.0156
			0.0008	0.9988	0.0495
			0.0156	-0.0495	0.9987
			-0.9901	-0.0996	10.0252
		}
		Visibility 1.0000
	}
	Frame 71 {
		TM {
			0.9998	0.0000	-0.0176
			0.0010	0.9984	0.0560
			0.0176	-0.0560	0.9983
			-0.9901	-0.0996	9.9354
		}
		Visibility 1.0000
	}
	Frame 72 {
		TM {
			0.9998	0.0000	-0.0196
			0.0012	0.9981	0.0621
			0.0195	-0.0621	0.9979
			-0.9901	-0.0996	9.8429
		}
		Visibility 1.0000
	}
	Frame 73 {
		TM {
			0.9998	0.0000	-0.0212
			0.0014	0.9977	0.0675
			0.0212	-0.0675	0.9975
			-0.9901	-0.0996	9.7490
		}
		Visibility 1.0000
	}
	Frame 74 {
		TM {
			0.9997	0.0000	-0.0227
			0.0016	0.9974	0.0720
			0.0226	-0.0720	0.9971
			-0.9901	-0.0996	9.6545
		}
		Visibility 1.0000
	}
	Frame 75 {
		TM {
			0.9997	0.0000	-0.0238
			0.0018	0.9972	0.0754
			0.0237	-0.0754	0.9969
			-0.9901	-0.0996	9.5605
		}
		Visibility 1.0000
	}
	Frame 76 {
		TM {
			0.9997	0.0000	-0.0245
			0.0019	0.9970	0.0776
			0.0244	-0.0777	0.9967
			-0.9901	-0.0996	9.4681
		}
		Visibility 1.0000
	}
	Frame 77 {
		TM {
			0.9997	0.0000	-0.0247
			0.0019	0.9969	0.0784
			0.0246	-0.0784	0.9966
			-0.9901	-0.0996	9.3783
		}
		Visibility 1.0000
	}
	Frame 78 {
		TM {
			0.9998	0.0000	-0.0183
			0.0014	0.9969	0.0784
			0.0182	-0.0784	0.9968
			-0.9901	-0.0996	9.2921
		}
		Visibility 1.0000
	}
	Frame 79 {
		TM {
			1.0000	0.0000	-0.0064
			0.0005	0.9969	0.0784
			0.0064	-0.0784	0.9969
			-0.9901	-0.0996	9.2105
		}
		Visibility 1.0000
	}
	Frame 80 {
		TM {
			1.0000	0.0000	-0.0000
			0.0000	0.9969	0.0784
			-0.0000	-0.0784	0.9969
			-0.9901	-0.0996	9.1347
		}
		Visibility 1.0000
	}
	Frame 81 {
		TM {
			1.0000	0.0000	-0.0000
			0.0000	0.9969	0.0784
			-0.0000	-0.0784	0.9969
			-0.9901	-0.0996	9.0656
		}
		Visibility 1.0000
	}
	Frame 82 {
		TM {
			1.0000	0.0000	-0.0000
			0.0000	0.9969	0.0784
			-0.0000	-0.0784	0.9969
			-0.9901	-0.0996	9.0043
		}
		Visibility 1.0000
	}
	Frame 83 {
		TM {
			1.0000	0.0000	-0.0000
			0.0000	0.9969	0.0784
			-0.0000	-0.0784	0.9969
			-0.9901	-0.0996	8.9519
		}
		Visibility 1.0000
	}
	Frame 84 {
		TM {
			1.0000	0.0000	-0.0000
			0.0000	0.9969	0.0784
			-0.0000	-0.0784	0.9969
			-0.9901	-0.0996	8.9092
		}
		Visibility 1.0000
	}
	Frame 85 {
		TM {
			1.0000	0.0000	-0.0000
			0.0000	0.9969	0.0784
			-0.0000	-0.0784	0.9969
			-0.9901	-0.0996	8.8775
		}
		Visibility 1.0000
	}
	Frame 86 {
		TM {
			1.0000	0.0000	-0.0000
			0.0000	0.9969	0.0784
			-0.0000	-0.0784	0.9969
			-0.9901	-0.0996	8.8577
		}
		Visibility 1.0000
	}
	Frame 87 {
		TM {
			1.0000	0.0000	-0.0000
			0.0000	0.9969	0.0784
			-0.0000	-0.0784	0.9969
			-0.9901	-0.0996	8.8509
		}
		Visibility 1.0000
	}
-= Animation: break, Node engine =-
	Frame 0 {
		TM {
			0.9998	-0.0001	0.0196
			0.0001	1.0000	-0.0000
			-0.0196	0.0000	0.9998
			10.6924	-0.0020	-0.1604
		}
		Visibility 1.0000
	}
	Frame 1 {
		TM {
			0.9999	-0.0001	0.0123
			0.0001	1.0000	-0.0000
			-0.0123	0.0000	0.9999
			10.6511	-0.0020	-0.0704
		}
		Visibility 1.0000
	}
	Frame 2 {
		TM {
			1.0000	-0.0001	-0.0053
			0.0001	1.0000	-0.0000
			0.0053	0.0000	1.0000
			10.5527	-0.0020	0.1443
		}
		Visibility 1.0000
	}
	Frame 3 {
		TM {
			0.9997	-0.0001	-0.0262
			0.0001	1.0000	-0.0000
			0.0262	0.0000	0.9997
			10.4353	-0.0020	0.4006
		}
		Visibility 1.0000
	}
	Frame 4 {
		TM {
			0.9990	-0.0001	-0.0436
			0.0001	1.0000	-0.0000
			0.0436	0.0000	0.9990
			10.3368	-0.0020	0.6153
		}
		Visibility 1.0000
	}
	Frame 5 {
		TM {
			0.9987	-0.0001	-0.0510
			0.0001	1.0000	-0.0000
			0.0510	-0.0000	0.9987
			10.2956	-0.0020	0.7053
		}
		Visibility 1.0000
	}
	Frame 6 {
		TM {
			0.9987	-0.0001	-0.0500
			0.0001	1.0000	-0.0000
			0.0500	-0.0000	0.9987
			10.3022	-0.0020	0.6629
		}
		Visibility 1.0000
	}
	Frame 7 {
		TM {
			0.9989	-0.0001	-0.0473
			0.0001	1.0000	-0.0000
			0.0473	-0.0000	0.9989
			10.3205	-0.0020	0.5479
		}
		Visibility 1.0000
	}
	Frame 8 {
		TM {
			0.9991	-0.0001	-0.0432
			0.0001	1.0000	-0.0000
			0.0432	0.0000	0.9991
			10.3485	-0.0020	0.3784
		}
		Visibility 1.0000
	}
	Frame 9 {
		TM {
			0.9993	-0.0001	-0.0379
			0.0001	1.0000	-0.0000
			0.0379	0.0000	0.9993
			10.3838	-0.0020	0.1725
		}
		Visibility 1.0000
	}
	Frame 10 {
		TM {
			0.9995	-0.0001	-0.0318
			0.0001	1.0000	-0.0000
			0.0318	0.0000	0.9995
			10.4244	-0.0020	-0.0515
		}
		Visibility 1.0000
	}
	Frame 11 {
		TM {
			0.9997	-0.0001	-0.0251
			0.0001	1.0000	-0.0000
			0.0251	0.0000	0.9997
			10.4680	-0.0020	-0.2755
		}
		Visibility 1.0000
	}
	Frame 12 {
		TM {
			0.9998	-0.0001	-0.0182
			0.0001	1.0000	-0.0000
			0.0182	0.0000	0.9998
			10.5125	-0.0020	-0.4814
		}
		Visibility 1.0000
	}
	Frame 13 {
		TM {
			0.9999	-0.0001	-0.0113
			0.0001	1.0000	-0.0000
			0.0113	0.0000	0.9999
			10.5557	-0.0020	-0.6509
		}
		Visibility 1.0000
	}
	Frame 14 {
		TM {
			1.0000	-0.0001	-0.0048
			0.0001	1.0000	-0.0000
			0.0048	0.0000	1.0000
			10.5954	-0.0020	-0.7659
		}
		Visibility 1.0000
	}
	Frame 15 {
		TM {
			1.0000	-0.0001	0.0011
			0.0001	1.0000	-0.0000
			-0.0011	0.0000	1.0000
			10.6295	-0.0020	-0.8083
		}
		Visibility 1.0000
	}
	Frame 16 {
		TM {
			1.0000	-0.0001	0.0083
			0.0001	1.0000	-0.0000
			-0.0083	0.0000	1.0000
			10.6587	-0.0020	-0.6679
		}
		Visibility 1.0000
	}
	Frame 17 {
		TM {
			0.9999	-0.0001	0.0160
			0.0001	1.0000	-0.0000
			-0.0160	0.0000	0.9999
			10.6817	-0.0020	-0.3834
		}
		Visibility 1.0000
	}
	Frame 18 {
		TM {
			0.9998	-0.0001	0.0196
			0.0001	1.0000	-0.0000
			-0.0196	0.0000	0.9998
			10.6924	-0.0020	-0.1604
		}
		Visibility 1.0000
	}
	Frame 19 {
		TM {
			0.9998	-0.0002	0.0196
			0.0001	1.0000	0.0055
			-0.0196	-0.0055	0.9998
			10.6946	-0.0020	-0.0565
		}
		Visibility 1.0000
	}
	Frame 20 {
		TM {
			0.9998	-0.0004	0.0196
			0.0001	0.9998	0.0177
			-0.0196	-0.0177	0.9997
			10.6959	-0.0020	0.0111
		}
		Visibility 1.0000
	}
	Frame 21 {
		TM {
			0.9998	-0.0006	0.0196
			0.0001	0.9996	0.0299
			-0.0196	-0.0299	0.9994
			10.6965	-0.0020	0.0477
		}
		Visibility 1.0000
	}
	Frame 22 {
		TM {
			0.9998	-0.0007	0.0196
			0.0001	0.9994	0.0354
			-0.0196	-0.0354	0.9992
			10.6967	-0.0020	0.0588
		}
		Visibility 1.0000
	}
	Frame 23 {
		TM {
			1.0000	-0.0006	0.0077
			0.0004	0.9997	0.0262
			-0.0077	-0.0262	0.9996
			10.6272	-0.0020	0.0569
		}
		Visibility 1.0000
	}
	Frame 24 {
		TM {
			0.9999	-0.0002	-0.0143
			0.0004	1.0000	0.0092
			0.0143	-0.0092	0.9999
			10.4980	-0.0020	0.0535
		}
		Visibility 1.0000
	}
	Frame 25 {
		TM {
			0.9997	-0.0001	-0.0262
			0.0001	1.0000	-0.0000
			0.0262	0.0000	0.9997
			10.4284	-0.0020	0.0517
		}
		Visibility 1.0000
	}
-= Animation: break, Node cabin =-
	Frame 0 {
		TM {
			0.9989	-0.0001	0.0463
			0.0001	1.0000	-0.0000
			-0.0463	0.0000	0.9989
			10.0841	-0.0006	0.0287
		}
		Visibility 1.0000
	}
	Frame 1 {
		TM {
			0.9989	-0.0001	0.0463
			0.0001	1.0000	-0.0000
			-0.0463	0.0000	0.9989
			10.1079	-0.0006	-0.0215
		}
		Visibility 1.0000
	}
	Frame 2 {
		TM {
			0.9989	-0.0001	0.0463
			0.0001	1.0000	-0.0000
			-0.0463	0.0000	0.9989
			10.1646	-0.0006	-0.1414
		}
		Visibility 1.0000
	}
	Frame 3 {
		TM {
			0.9989	-0.0001	0.0463
			0.0001	1.0000	-0.0000
			-0.0463	0.0000	0.9989
			10.2324	-0.0006	-0.2844
		}
		Visibility 1.0000
	}
	Frame 4 {
		TM {
			0.9989	-0.0001	0.0463
			0.0001	1.0000	-0.0000
			-0.0463	0.0000	0.9989
			10.2891	-0.0006	-0.4042
		}
		Visibility 1.0000
	}
	Frame 5 {
		TM {
			0.9989	-0.0001	0.0463
			0.0001	1.0000	-0.0000
			-0.0463	0.0000	0.9989
			10.3129	-0.0006	-0.4545
		}
		Visibility 1.0000
	}
	Frame 6 {
		TM {
			0.9990	-0.0001	0.0457
			0.0001	1.0000	-0.0000
			-0.0457	0.0000	0.9990
			10.2892	-0.0006	-0.4065
		}
		Visibility 1.0000
	}
	Frame 7 {
		TM {
			0.9990	-0.0001	0.0439
			0.0001	1.0000	-0.0000
			-0.0439	0.0000	0.9990
			10.2327	-0.0006	-0.2920
		}
		Visibility 1.0000
	}
	Frame 8 {
		TM {
			0.9992	-0.0001	0.0411
			0.0001	1.0000	-0.0000
			-0.0411	0.0000	0.9992
			10.1652	-0.0006	-0.1554
		}
		Visibility 1.0000
	}
	Frame 9 {
		TM {
			0.9993	-0.0001	0.0372
			0.0001	1.0000	-0.0000
			-0.0372	0.0000	0.9993
			10.1087	-0.0006	-0.0409
		}
		Visibility 1.0000
	}
	Frame 10 {
		TM {
			0.9995	-0.0001	0.0323
			0.0001	1.0000	-0.0000
			-0.0323	0.0000	0.9995
			10.0850	-0.0006	0.0071
		}
		Visibility 1.0000
	}
	Frame 11 {
		TM {
			0.9997	-0.0001	0.0249
			0.0001	1.0000	-0.0000
			-0.0249	0.0000	0.9997
			10.0850	-0.0006	0.0071
		}
		Visibility 1.0000
	}
	Frame 12 {
		TM {
			0.9999	-0.0001	0.0148
			0.0001	1.0000	-0.0000
			-0.0148	0.0000	0.9999
			10.0850	-0.0006	0.0071
		}
		Visibility 1.0000
	}
	Frame 13 {
		TM {
			1.0000	-0.0001	0.0046
			0.0001	1.0000	-0.0000
			-0.0046	0.0000	1.0000
			10.0850	-0.0006	0.0071
		}
		Visibility 1.0000
	}
	Frame 14 {
		TM {
			1.0000	-0.0001	-0.0034
			0.0001	1.0000	-0.0000
			0.0034	0.0000	1.0000
			10.0850	-0.0006	0.0071
		}
		Visibility 1.0000
	}
	Frame 15 {
		TM {
			1.0000	-0.0001	-0.0066
			0.0001	1.0000	-0.0000
			0.0066	0.0000	1.0000
			10.0850	-0.0006	0.0071
		}
		Visibility 1.0000
	}
	Frame 16 {
		TM {
			1.0000	-0.0001	-0.0066
			0.0001	1.0000	-0.0000
			0.0066	0.0000	1.0000
			10.0850	-0.0006	0.0071
		}
		Visibility 1.0000
	}
	Frame 17 {
		TM {
			1.0000	-0.0001	-0.0066
			0.0001	1.0000	-0.0000
			0.0066	0.0000	1.0000
			10.0850	-0.0006	0.0071
		}
		Visibility 1.0000
	}
	Frame 18 {
		TM {
			1.0000	-0.0001	-0.0066
			0.0001	1.0000	-0.0000
			0.0066	0.0000	1.0000
			10.0850	-0.0006	0.0071
		}
		Visibility 1.0000
	}
	Frame 19 {
		TM {
			1.0000	-0.0001	-0.0066
			0.0001	1.0000	-0.0000
			0.0066	0.0000	1.0000
			10.0850	-0.0006	0.0071
		}
		Visibility 1.0000
	}
	Frame 20 {
		TM {
			1.0000	-0.0001	-0.0066
			0.0001	1.0000	-0.0000
			0.0066	0.0000	1.0000
			10.0850	-0.0006	0.0071
		}
		Visibility 1.0000
	}
	Frame 21 {
		TM {
			1.0000	-0.0001	-0.0066
			0.0001	1.0000	-0.0000
			0.0066	0.0000	1.0000
			10.0850	-0.0006	0.0071
		}
		Visibility 1.0000
	}
	Frame 22 {
		TM {
			1.0000	-0.0001	-0.0066
			0.0001	1.0000	-0.0000
			0.0066	0.0000	1.0000
			10.0850	-0.0006	0.0071
		}
		Visibility 1.0000
	}
	Frame 23 {
		TM {
			1.0000	-0.0001	-0.0066
			0.0001	1.0000	-0.0000
			0.0066	0.0000	1.0000
			10.0850	-0.0006	0.0071
		}
		Visibility 1.0000
	}
	Frame 24 {
		TM {
			1.0000	-0.0001	-0.0066
			0.0001	1.0000	-0.0000
			0.0066	0.0000	1.0000
			10.0850	-0.0006	0.0071
		}
		Visibility 1.0000
	}
	Frame 25 {
		TM {
			1.0000	-0.0001	-0.0066
			0.0001	1.0000	-0.0000
			0.0066	0.0000	1.0000
			10.0850	-0.0006	0.0071
		}
		Visibility 1.0000
	}
	Frame 26 {
		TM {
			1.0000	-0.0001	-0.0066
			0.0001	1.0000	-0.0000
			0.0066	0.0000	1.0000
			10.0850	-0.0006	0.0071
		}
		Visibility 1.0000
	}
	Frame 27 {
		TM {
			1.0000	-0.0001	-0.0066
			0.0001	1.0000	-0.0000
			0.0066	0.0000	1.0000
			10.0850	-0.0006	0.0071
		}
		Visibility 1.0000
	}
	Frame 28 {
		TM {
			1.0000	-0.0001	-0.0066
			0.0001	1.0000	-0.0000
			0.0066	0.0000	1.0000
			10.0850	-0.0006	0.0071
		}
		Visibility 1.0000
	}
	Frame 29 {
		TM {
			1.0000	-0.0001	-0.0066
			0.0001	1.0000	-0.0000
			0.0066	0.0000	1.0000
			10.0850	-0.0006	0.0071
		}
		Visibility 1.0000
	}
	Frame 30 {
		TM {
			1.0000	-0.0001	-0.0066
			0.0001	1.0000	-0.0000
			0.0066	0.0000	1.0000
			10.0850	-0.0006	0.0071
		}
		Visibility 1.0000
	}
-= Animation: break, Node DoorL =-
	Frame 0 {
		TM {
			0.9998	0.0001	-0.0196
			-0.0001	1.0000	0.0000
			0.0196	-0.0000	0.9998
			6.5468	7.8212	6.1585
		}
		Visibility 1.0000
	}
	Frame 1 {
		TM {
			0.9997	-0.0149	-0.0197
			0.0149	0.9999	0.0002
			0.0197	-0.0005	0.9998
			6.5468	7.8227	6.1585
		}
		Visibility 1.0000
	}
	Frame 2 {
		TM {
			0.9982	-0.0568	-0.0202
			0.0569	0.9984	0.0009
			0.0201	-0.0020	0.9998
			6.5468	7.8271	6.1585
		}
		Visibility 1.0000
	}
	Frame 3 {
		TM {
			0.9924	-0.1215	-0.0208
			0.1215	0.9926	0.0018
			0.0204	-0.0043	0.9998
			6.5468	7.8342	6.1585
		}
		Visibility 1.0000
	}
	Frame 4 {
		TM {
			0.9787	-0.2040	-0.0216
			0.2041	0.9790	0.0031
			0.0205	-0.0074	0.9998
			6.5468	7.8437	6.1585
		}
		Visibility 1.0000
	}
	Frame 5 {
		TM {
			0.9540	-0.2990	-0.0226
			0.2991	0.9542	0.0045
			0.0202	-0.0111	0.9997
			6.5468	7.8556	6.1585
		}
		Visibility 1.0000
	}
	Frame 6 {
		TM {
			0.9159	-0.4006	-0.0237
			0.4009	0.9161	0.0062
			0.0192	-0.0151	0.9997
			6.5468	7.8695	6.1585
		}
		Visibility 1.0000
	}
	Frame 7 {
		TM {
			0.8639	-0.5030	-0.0248
			0.5033	0.8641	0.0079
			0.0175	-0.0193	0.9997
			6.5468	7.8852	6.1585
		}
		Visibility 1.0000
	}
	Frame 8 {
		TM {
			0.7993	-0.6004	-0.0260
			0.6007	0.7994	0.0096
			0.0150	-0.0233	0.9996
			6.5468	7.9026	6.1585
		}
		Visibility 1.0000
	}
	Frame 9 {
		TM {
			0.7252	-0.6880	-0.0271
			0.6884	0.7252	0.0113
			0.0119	-0.0269	0.9996
			6.5468	7.9215	6.1585
		}
		Visibility 1.0000
	}
	Frame 10 {
		TM {
			0.6463	-0.7626	-0.0282
			0.7630	0.6462	0.0130
			0.0083	-0.0299	0.9995
			6.5468	7.9416	6.1585
		}
		Visibility 1.0000
	}
	Frame 11 {
		TM {
			0.5684	-0.8223	-0.0292
			0.8228	0.5682	0.0144
			0.0047	-0.0322	0.9995
			6.5468	7.9627	6.1585
		}
		Visibility 1.0000
	}
	Frame 12 {
		TM {
			0.4977	-0.8668	-0.0300
			0.8674	0.4974	0.0157
			0.0013	-0.0338	0.9994
			6.5468	7.9846	6.1585
		}
		Visibility 1.0000
	}
	Frame 13 {
		TM {
			0.4404	-0.8973	-0.0307
			0.8978	0.4401	0.0167
			-0.0015	-0.0349	0.9994
			6.5468	8.0072	6.1585
		}
		Visibility 1.0000
	}
	Frame 14 {
		TM {
			0.4023	-0.9150	-0.0311
			0.9155	0.4020	0.0173
			-0.0033	-0.0354	0.9994
			6.5468	8.0302	6.1585
		}
		Visibility 1.0000
	}
	Frame 15 {
		TM {
			0.3886	-0.9209	-0.0312
			0.9214	0.3882	0.0175
			-0.0040	-0.0356	0.9994
			6.5468	8.0533	6.1585
		}
		Visibility 1.0000
	}
	Frame 16 {
		TM {
			0.4539	-0.8905	-0.0308
			0.8910	0.4536	0.0170
			-0.0012	-0.0351	0.9994
			6.5468	8.0765	6.1585
		}
		Visibility 1.0000
	}
	Frame 17 {
		TM {
			0.5995	-0.7998	-0.0293
			0.8003	0.5994	0.0155
			0.0052	-0.0328	0.9994
			6.5468	8.0995	6.1585
		}
		Visibility 1.0000
	}
	Frame 18 {
		TM {
			0.7499	-0.6610	-0.0269
			0.6614	0.7499	0.0131
			0.0115	-0.0276	0.9996
			6.5468	8.1221	6.1585
		}
		Visibility 1.0000
	}
	Frame 19 {
		TM {
			0.8520	-0.5231	-0.0234
			0.5234	0.8520	0.0099
			0.0147	-0.0207	0.9997
			6.5468	8.1440	6.1585
		}
		Visibility 1.0000
	}
	Frame 20 {
		TM {
			0.8875	-0.4604	-0.0187
			0.4606	0.8876	0.0059
			0.0139	-0.0139	0.9998
			6.5468	8.1651	6.1585
		}
		Visibility 1.0000
	}
	Frame 21 {
		TM {
			0.8821	-0.4709	-0.0125
			0.4709	0.8822	0.0010
			0.0106	-0.0068	0.9999
			6.5468	8.1852	6.1585
		}
		Visibility 1.0000
	}
	Frame 22 {
		TM {
			0.8666	-0.4990	-0.0050
			0.4989	0.8666	-0.0051
			0.0068	0.0019	1.0000
			6.5468	8.2041	6.1585
		}
		Visibility 1.0000
	}
	Frame 23 {
		TM {
			0.8421	-0.5393	0.0035
			0.5393	0.8420	-0.0118
			0.0034	0.0119	0.9999
			6.5468	8.2215	6.1585
		}
		Visibility 1.0000
	}
	Frame 24 {
		TM {
			0.8098	-0.5866	0.0125
			0.5868	0.8095	-0.0189
			0.0010	0.0226	0.9997
			6.5468	8.2372	6.1585
		}
		Visibility 1.0000
	}
	Frame 25 {
		TM {
			0.7715	-0.6359	0.0214
			0.6362	0.7710	-0.0259
			0.0000	0.0336	0.9994
			6.5468	8.2511	6.1585
		}
		Visibility 1.0000
	}
	Frame 26 {
		TM {
			0.7302	-0.6826	0.0297
			0.6833	0.7295	-0.0325
			0.0005	0.0440	0.9990
			6.5468	8.2630	6.1585
		}
		Visibility 1.0000
	}
	Frame 27 {
		TM {
			0.6897	-0.7232	0.0371
			0.7241	0.6886	-0.0383
			0.0021	0.0532	0.9986
			6.5468	8.2725	6.1585
		}
		Visibility 1.0000
	}
	Frame 28 {
		TM {
			0.6546	-0.7547	0.0429
			0.7559	0.6532	-0.0429
			0.0043	0.0605	0.9982
			6.5468	8.2796	6.1585
		}
		Visibility 1.0000
	}
	Frame 29 {
		TM {
			0.6300	-0.7752	0.0468
			0.7766	0.6284	-0.0459
			0.0062	0.0652	0.9979
			6.5468	8.2840	6.1585
		}
		Visibility 1.0000
	}
	Frame 30 {
		TM {
			0.6208	-0.7825	0.0482
			0.7840	0.6190	-0.0470
			0.0069	0.0669	0.9977
			6.5468	8.2855	6.1585
		}
		Visibility 1.0000
	}
-= Animation: break, Node DoorR =-
	Frame 0 {
		TM {
			0.9998	0.0001	-0.0196
			0.0001	-1.0000	-0.0000
			0.0196	-0.0000	0.9998
			6.5476	-8.2815	6.1585
		}
		Visibility 1.0000
	}
	Frame 1 {
		TM {
			0.9998	0.0001	-0.0196
			0.0001	-1.0000	-0.0000
			0.0196	-0.0000	0.9998
			6.5476	-8.2815	6.1585
		}
		Visibility 1.0000
	}
	Frame 2 {
		TM {
			0.9998	0.0001	-0.0196
			0.0001	-1.0000	-0.0000
			0.0196	-0.0000	0.9998
			6.5476	-8.2815	6.1585
		}
		Visibility 1.0000
	}
	Frame 3 {
		TM {
			0.9998	0.0001	-0.0196
			0.0001	-1.0000	-0.0000
			0.0196	-0.0000	0.9998
			6.5476	-8.2815	6.1585
		}
		Visibility 1.0000
	}
	Frame 4 {
		TM {
			0.9998	0.0001	-0.0196
			0.0001	-1.0000	-0.0000
			0.0196	-0.0000	0.9998
			6.5476	-8.2815	6.1585
		}
		Visibility 1.0000
	}
	Frame 5 {
		TM {
			0.9998	0.0001	-0.0196
			0.0001	-1.0000	-0.0000
			0.0196	-0.0000	0.9998
			6.5476	-8.2815	6.1585
		}
		Visibility 1.0000
	}
	Frame 6 {
		TM {
			0.9998	0.0101	-0.0196
			0.0101	-0.9999	0.0000
			0.0196	0.0002	0.9998
			6.5476	-8.2815	6.1585
		}
		Visibility 1.0000
	}
	Frame 7 {
		TM {
			0.9991	0.0372	-0.0198
			0.0373	-0.9993	0.0002
			0.0197	0.0009	0.9998
			6.5476	-8.2815	6.1585
		}
		Visibility 1.0000
	}
	Frame 8 {
		TM {
			0.9968	0.0772	-0.0199
			0.0773	-0.9970	0.0005
			0.0198	0.0020	0.9998
			6.5476	-8.2815	6.1585
		}
		Visibility 1.0000
	}
	Frame 9 {
		TM {
			0.9919	0.1256	-0.0201
			0.1257	-0.9921	0.0009
			0.0199	0.0034	0.9998
			6.5476	-8.2815	6.1585
		}
		Visibility 1.0000
	}
	Frame 10 {
		TM {
			0.9838	0.1780	-0.0204
			0.1780	-0.9840	0.0016
			0.0198	0.0052	0.9998
			6.5476	-8.2815	6.1585
		}
		Visibility 1.0000
	}
	Frame 11 {
		TM {
			0.9730	0.2298	-0.0206
			0.2299	-0.9732	0.0024
			0.0195	0.0071	0.9998
			6.5476	-8.2815	6.1585
		}
		Visibility 1.0000
	}
	Frame 12 {
		TM {
			0.9607	0.2768	-0.0208
			0.2770	-0.9609	0.0035
			0.0190	0.0091	0.9998
			6.5476	-8.2815	6.1585
		}
		Visibility 1.0000
	}
	Frame 13 {
		TM {
			0.9488	0.3151	-0.0210
			0.3153	-0.9490	0.0049
			0.0184	0.0112	0.9998
			6.5476	-8.2815	6.1585
		}
		Visibility 1.0000
	}
	Frame 14 {
		TM {
			0.9399	0.3408	-0.0211
			0.3410	-0.9401	0.0065
			0.0176	0.0133	0.9998
			6.5476	-8.2815	6.1585
		}
		Visibility 1.0000
	}
	Frame 15 {
		TM {
			0.9364	0.3502	-0.0211
			0.3504	-0.9366	0.0085
			0.0168	0.0154	0.9997
			6.5476	-8.2815	6.1585
		}
		Visibility 1.0000
	}
	Frame 16 {
		TM {
			0.9454	0.3257	-0.0075
			0.3258	-0.9453	0.0143
			0.0025	0.0160	0.9999
			6.5476	-8.2815	6.1585
		}
		Visibility 1.0000
	}
	Frame 17 {
		TM {
			0.9636	0.2662	0.0249
			0.2656	-0.9638	0.0249
			-0.0306	0.0174	0.9994
			6.5476	-8.2815	6.1585
		}
		Visibility 1.0000
	}
	Frame 18 {
		TM {
			0.9790	0.1937	0.0635
			0.1916	-0.9808	0.0368
			-0.0694	0.0239	0.9973
			6.5476	-8.2815	6.1585
		}
		Visibility 1.0000
	}
	Frame 19 {
		TM {
			0.9866	0.1321	0.0958
			0.1281	-0.9907	0.0465
			-0.1011	0.0336	0.9943
			6.5476	-8.2815	6.1585
		}
		Visibility 1.0000
	}
	Frame 20 {
		TM {
			0.9883	0.1061	0.1093
			0.1011	-0.9936	0.0505
			-0.1140	0.0388	0.9927
			6.5476	-8.2815	6.1585
		}
		Visibility 1.0000
	}
	Frame 21 {
		TM {
			0.9799	0.1675	0.1082
			0.1628	-0.9854	0.0504
			-0.1150	0.0318	0.9929
			6.5476	-8.2815	6.1585
		}
		Visibility 1.0000
	}
	Frame 22 {
		TM {
			0.9446	0.3107	0.1054
			0.3070	-0.9504	0.0503
			-0.1158	0.0151	0.9932
			6.5476	-8.2815	6.1585
		}
		Visibility 1.0000
	}
	Frame 23 {
		TM {
			0.8753	0.4726	0.1022
			0.4700	-0.8813	0.0501
			-0.1137	-0.0041	0.9935
			6.5476	-8.2815	6.1585
		}
		Visibility 1.0000
	}
	Frame 24 {
		TM {
			0.7960	0.5971	0.0994
			0.5953	-0.8019	0.0500
			-0.1096	-0.0194	0.9938
			6.5476	-8.2815	6.1585
		}
		Visibility 1.0000
	}
	Frame 25 {
		TM {
			0.7574	0.6456	0.0983
			0.6441	-0.7633	0.0499
			-0.1072	-0.0255	0.9939
			6.5476	-8.2815	6.1585
		}
		Visibility 1.0000
	}
	Frame 26 {
		TM {
			0.7820	0.6155	0.0983
			0.6138	-0.7879	0.0499
			-0.1082	-0.0213	0.9939
			6.5476	-8.2815	6.1585
		}
		Visibility 1.0000
	}
	Frame 27 {
		TM {
			0.8359	0.5400	0.0983
			0.5378	-0.8416	0.0499
			-0.1097	-0.0111	0.9939
			6.5476	-8.2815	6.1585
		}
		Visibility 1.0000
	}
	Frame 28 {
		TM {
			0.8907	0.4438	0.0983
			0.4410	-0.8961	0.0499
			-0.1102	0.0012	0.9939
			6.5476	-8.2815	6.1585
		}
		Visibility 1.0000
	}
	Frame 29 {
		TM {
			0.9282	0.3589	0.0983
			0.3556	-0.9333	0.0499
			-0.1096	0.0114	0.9939
			6.5476	-8.2815	6.1585
		}
		Visibility 1.0000
	}
	Frame 30 {
		TM {
			0.9415	0.3223	0.0983
			0.3188	-0.9465	0.0499
			-0.1091	0.0157	0.9939
			6.5476	-8.2815	6.1585
		}
		Visibility 1.0000
	}
