;Exported by: ubrashaev
;Date:        Wed Mar 30 13:48:42 2016
;File:        \\172.16.11.2\shared\Temp\Mow_units\ger\T4\ger_t4_skinned_lod.max
{Skeleton
	{bone "basis"
		{Orientation
			1	0	0
			0	-1	0
			0	0	1
		}
		{bone "body"
			{parameters "Voxels=0;"}
			{Matrix34
				0	0	1
				0	-1	0
				1	0	0
				0	0.0344553	19.9224
			}
			{bone "foot1l"
				{parameters "Voxels=0;"}
				{Matrix34
					-0.993535	-0.0202561	0.111704
					0.111667	0.00296981	0.993741
					0.0204611	-0.99979	0.000688668
					-0.143509	-2.13095	-0.488995
				}
				{bone "foot2l"
					{parameters "Voxels=0;"}
					{Matrix34
						0.952384	-0.3049	-0.000108002
						0.3049	0.952384	-4.08264e-005
						0.000115285	0	1
						9.37838	-0.0471725	0
					}
					{bone "bone06"
						{Matrix34
							0.22138	0.973964	0.0488401
							-0.972284	0.216583	0.0880677
							0.0751968	-0.0669829	0.994916
							8.74023	0.113252	0.00567913
						}
					}
					{bone "foot3l"
						{parameters "Voxels=0;"}
						{Matrix34
							0.0905579	0.979616	0.179308
							0.00345548	-0.180356	0.983595
							0.995885	-0.0884531	-0.0197177
							9.2003	-0.34629	-0.0729966
						}
						{bone "bone07"
							{Position 2.60015	0	0}
						}
					}
				}
			}
			{bone "foot1r"
				{parameters "Voxels=0;"}
				{Matrix34
					-0.993573	0.0113959	0.112616
					0.112604	-0.00168894	0.993639
					0.0115135	0.999934	0.00039487
					-0.143517	2.17103	-0.488755
				}
				{bone "foot2r"
					{parameters "Voxels=0;"}
					{Matrix34
						0.951793	-0.306741	-0.000104386
						0.306741	0.951793	-3.94655e-005
						0.000111707	0	1
						9.37831	-0.0472326	0
					}
					{bone "bone03"
						{Matrix34
							0.221381	0.973964	0.0488401
							-0.972284	0.216582	0.0880676
							0.075197	-0.0669829	0.994916
							8.74023	0.113253	0.00568032
						}
					}
					{bone "foot3r"
						{parameters "Voxels=0;"}
						{Matrix34
							0.088026	0.974737	0.205276
							0.00721183	0.205447	-0.978642
							-0.996092	0.0876261	0.0110547
							9.2003	-0.346289	-0.0729959
						}
						{bone "bone05"
							{Position 2.60015	0	0}
						}
					}
				}
			}
			{bone "ik_leftright"
				{parameters "Voxels=0;"}
				{Matrix34
					0	0	1
					0	-1	0
					1	0	0
					1.90368	0.0344548	0
				}
				{bone "ik_updown"
					{parameters "Voxels=0;"}
					{Matrix34
						1	0	0
						0	0	1
						0	-1	0
						0	0	1.66801
					}
					{bone "head"
						{parameters "Voxels=0;"}
						{Matrix34
							1	0	0
							0	0	-1
							0	1	0
							0	7.21458	0
						}
						{bone "visor"
							{Matrix34
								1	0	0
								0	1	0
								0	0	1
								2.31916	0	2.33291
							}
						}
					}
					{bone "gun_back"
						{parameters "Voxels=0;"}
						{Matrix34
							0.00647854	0.996053	0.0885295
							-0.106389	0.0887156	-0.990359
							-0.994304	-0.00300303	0.106544
							-4.16774	-4.2536	2.42593
						}
					}
					{bone "clavicle_right"
						{Position -0.139178	6.12487	1.17253}
						{bone "hand1r"
							{parameters "Voxels=0;"}
							{Matrix34
								0.0908839	-0.24685	0.964782
								0.967396	0.251859	-0.0266892
								-0.236401	0.935752	0.261692
								0.0503404	-0.225975	2.95336
							}
							{bone "hand2r"
								{parameters "Voxels=0;"}
								{Matrix34
									0.516191	0.856473	0
									-0.856473	0.516191	0
									0	0	1
									6.26812	0	0
								}
								{bone "hand3r"
									{Matrix34
										0.982611	-0.185677	0
										0.185677	0.982611	0
										0	0	1
										5.19218	0	0
									}
								}
								{bone "right_hand"
									{parameters "Voxels=0;"}
									{Matrix34
										0.968615	-0.225093	0.105442
										0.191902	0.946802	0.258339
										-0.157983	-0.229997	0.960283
										6.33402	0.913944	-0.654926
									}
								}
								{bone "hand_rot1r"
									{Matrix34
										0.00333586	-0.999958	0.00855789
										-0.999992	-0.00331801	0.00210709
										-0.00207891	-0.00856507	-0.999961
										5.19224	0	0
									}
									{bone "palm1r"
										{Matrix34
											-0.987462	-0.121604	-0.100652
											-0.0703692	-0.231655	0.97025
											-0.141302	0.965168	0.220194
											0.12139	-0.163003	0.149548
										}
										{bone "palm2r_hide"
											{Matrix34
												-0.00762044	0.507055	-0.86188
												0.00254646	0.861912	0.507052
												0.999968	0.00167003	-0.00786197
												0.146143	0.242285	-1.2575
											}
											{bone "palm3r_hide"
												{Matrix34
													0.576833	0.816862	0
													-0.816862	0.576833	0
													0	0	1
													0.58188	-0.000114441	0
												}
												{bone "palm4r_hide"
													{Matrix34
														1	0	0
														0	1	0
														0	0	1
														0.53446	0	0
													}
												}
											}
										}
										{bone "palm2r"
											{Matrix34
												-0.00762235	0.507055	-0.861879
												0.00254571	0.861913	0.507052
												0.999968	0.00166833	-0.00786083
												0.146144	0.242285	-1.25751
											}
											{bone "palm3r"
												{Matrix34
													0.576833	0.816863	0
													-0.816862	0.576832	0
													0	0	1
													0.58188	-0.000116348	0
												}
											}
										}
									}
								}
							}
						}
					}
					{bone "clavicle_left"
						{Position -0.139178	6.12487	-1.18112}
						{bone "hand1l"
							{parameters "Voxels=0;"}
							{Matrix34
								0.0302737	-0.248337	-0.968201
								0.972861	0.229629	-0.0284788
								0.2294	-0.941063	0.248549
								0.0503407	-0.225973	-2.95273
							}
							{bone "hand2l"
								{parameters "Voxels=0;"}
								{Matrix34
									0.458785	0.888548	0
									-0.888547	0.458785	0
									0	0	1
									6.26812	0	0
								}
								{bone "hand3l"
									{Matrix34
										0.982611	-0.185677	0
										0.185677	0.982611	0
										0	0	1
										5.19218	0	0
									}
								}
								{bone "left_hand"
									{parameters "Voxels=0;"}
									{Matrix34
										0.275673	0.823505	-0.495827
										0.00418861	-0.516838	-0.856073
										-0.961242	0.233919	-0.145927
										5.99778	-0.667302	0.409922
									}
								}
								{bone "hand_rot1l"
									{Matrix34
										0.0013019	-0.999932	0.0116373
										-0.999999	-0.00131444	-0.00103834
										0.00105365	-0.011636	-0.999932
										5.25743	-0.000656128	-0.00162125
									}
									{bone "palm1l"
										{Matrix34
											0.965404	0.249251	-0.0766091
											-0.0261252	-0.199861	-0.979476
											-0.259446	0.947591	-0.186436
											0.0886898	-0.337659	-0.09161
										}
										{bone "palm2l"
											{Matrix34
												-0.0057597	0.491352	-0.870942
												-0.00435501	-0.870961	-0.491334
												-0.999974	0.000963479	0.00715502
												-0.0738373	0.242493	-1.26342
											}
											{bone "palm3l"
												{Matrix34
													0.578449	-0.815719	0
													0.815719	0.578449	0
													0	0	1
													0.578554	0.000164032	0
												}
											}
										}
										{bone "palm2l_hide"
											{Matrix34
												-0.00575983	0.491352	-0.870942
												-0.00435451	-0.87096	-0.491334
												-0.999974	0.000964046	0.00715502
												-0.0738382	0.242491	-1.26342
											}
											{bone "palm3l_hide"
												{Matrix34
													0.578448	-0.815718	0
													0.815719	0.578449	0
													0	0	1
													0.578555	0.000167847	0
												}
												{bone "palm4l_hide"
													{Matrix34
														1	0	0
														0	1	0
														0	0	1
														0.5119	-3.24249e-005	0
													}
												}
											}
										}
									}
								}
							}
						}
					}
				}
			}
			{bone "placement"
				{Matrix34
					0	1	0
					-1	0	0
					0	0	1
					0.783108	0	0
				}
			}
		}
		{bone "foresight2rot"
			{parameters "Voxels=0;"}
			{Position 13.7429	0.0246876	27.5947}
		}
		{bone "palm_ik_holder_right02"
			{Matrix34
				0.875462	-0.475155	0.0882896
				0.421523	0.840087	0.341426
				-0.236401	-0.26169	0.935753
				0.480823	-10.1733	27.8457
			}
			{bone "palm_ik_holder_right01"
				{Matrix34
					0.00333589	-0.999958	0.00855824
					-0.999992	-0.00331777	0.00210728
					-0.00207869	-0.00856501	-0.999961
					5.19224	0	0
				}
				{bone "palm_ik_holder_right"
					{Matrix34
						-0.987462	-0.121603	-0.100652
						-0.0703697	-0.231655	0.97025
						-0.141302	0.965168	0.220194
						0.119853	-0.164878	0.148727
					}
					{bone "ik_chain07"
						{Matrix34
							0.999956	0.00324053	-0.00886299
							2.75671e-005	0.938188	0.346125
							0.00943662	-0.346109	0.938147
							0.13865	1.07072	-1.80206
						}
					}
				}
			}
		}
		{bone "palm_ik_holder_left02"
			{Matrix34
				0.878323	0.4695	0.0901025
				0.419433	-0.847226	0.326011
				0.229399	-0.248551	-0.941062
				0.100932	10.2027	27.8364
			}
			{bone "palm_ik_holder_left01"
				{Matrix34
					0.00130179	-0.999931	0.0116376
					-0.999999	-0.00131403	-0.00103847
					0.00105365	-0.011636	-0.999932
					5.25744	-0.000656128	-0.00162125
				}
				{bone "palm_ik_holder_left"
					{Matrix34
						0.965404	0.249251	-0.076609
						-0.0261248	-0.199862	-0.979476
						-0.259446	0.947591	-0.186435
						0.0856133	-0.338799	-0.0894642
					}
					{bone "ik_chain08"
						{Matrix34
							0.999967	-0.00286296	0.00758459
							0.000204206	0.944171	0.329454
							-0.00810411	-0.329443	0.944141
							-0.0736465	1.03671	-1.8188
						}
					}
				}
			}
		}
		{bone "skin"
			{LODView
				{VolumeView "skin.ply"}
				{VolumeView "skin_lod1.ply"}
				{VolumeView "skin_lod2.ply"}
			}
		}
	}
}
