;Exported by: IROKEZ
;Date:        Sun Oct 06 15:28:08 2013
;File:        F:\My Job\3D's max\scenes\su85\su-85_xx.max
{Skeleton
	{bone revolute "basis"
		{Orientation
			1	0	0
			0	-1	0
			0	0	1
		}
		{bone "wheelsl"
			{parameters "ID=trackleft;"}
			{Position 2.06141	21.1768	9.41741}
			{VolumeView "wheelsl.ply"}
			{bone "trackl"
				{parameters "CommonMesh;ID=trackleft;"}
				{Matrix34
					-1	0	0
					0	0	1
					0	1	0
					-4.47404	2.91993	0.607306
				}
				{VolumeView "trackl.ply"}
			}
		}
		{bone "wheelsr"
			{parameters "ID=trackright;"}
			{Position 2.06141	-21.1768	9.41742}
			{VolumeView "wheelsr.ply"}
			{bone "trackr"
				{parameters "CommonMesh;ID=trackright;"}
				{Matrix34
					-1	0	0
					0	0	1
					0	1	0
					-4.43326	-2.91951	0.607299
				}
				{VolumeView "trackr.ply"}
			}
		}
		{bone "body"
			{parameters "ID=body;"}
			{Matrix34
				0.999945	0	-0.0104718
				-5.48299e-005	0.999986	-0.00523568
				0.0104716	0.00523597	0.999931
				-0.71623	0	20.5126
			}
			{VolumeView "body.ply"}
			{bone revolute "gun_rot2"
				{limits -5 5}
				{speed 0.003}
				{Matrix34
					0.999449	0.0331911	0
					-0.0331911	0.999449	0
					0	0	1
					23.2977	-3.73682	9.67633
				}
				{bone revolute "gun_rot"
					{parameters "ID=gun;"}
					{limits -5 20}
					{speed 0.004}
					{Matrix34
						0.999071	0	-0.0430899
						0.0430899	0	0.999071
						0	-1	0
						14.2003	-1.04904e-005	1.53004
					}
					{VolumeView "gun_rot.ply"}
					{bone "gun"
						{parameters "ID=gun;"}
						{Matrix34
							1	0	0
							0	0	-1
							0	1	0
							5.1969	0.765442	0
						}
						{VolumeView "gun.ply"}
					}
				}
			}
			{bone "part4"
				{parameters "ID=body;"}
				{Matrix34
					0.857037	0	-0.515255
					0	1	0
					0.515255	0	0.857037
					9.41258	5.27557	19.5288
				}
				{VolumeView "part4.ply"}
			}
			{bone "part1"
				{parameters "ID=body;"}
				{Matrix34
					1	0	0
					0	0.898498	-0.438977
					0	0.438977	0.898498
					22.0356	9.42786	19.5731
				}
				{VolumeView "part1.ply"}
			}
			{bone "cover1"
				{parameters "ID=body;"}
				{Matrix34
					1	0	0
					0	-0.747802	0.663922
					0	-0.663922	-0.747802
					21.6532	-2.03019	19.5731
				}
				{VolumeView "cover1.ply"}
			}
			{bone "engine"
				{parameters "ID=engine;"}
				{Position -25.2721	0	-3.19532}
				{VolumeView "engine.ply"}
				{bone "part2"
					{parameters "ID=engine;"}
					{Matrix34
						-0.472922	0	0.881104
						0	1	0
						-0.881104	0	-0.472922
						-2.193	0	16.4437
					}
					{VolumeView "part2.ply"}
				}
				{bone "part3"
					{parameters "ID=engine;"}
					{Matrix34
						0.809024	0	0.587775
						0	1	0
						-0.587775	0	0.809024
						-18.001	0	13.8536
					}
					{VolumeView "part3.ply"}
				}
			}
			{bone "enumerator"
				{Matrix34
					-1	0	0
					0	-0.363333	0.931659
					0	0.931659	0.363333
					7.47212	21.9996	12.3481
				}
				{VolumeView "enumerator.ply"}
			}
		}
	}
}
{Volume "body1"
	{Polyhedron "body1.vol"}
	{Bone "body"}
	{Matrix34
		-1	0	0
		0	0	1
		0	1	0
		-29.0473	0	-3.76539
	}
}
{Volume "body2"
	{Polyhedron "body2.vol"}
	{Bone "body"}
	{Matrix34
		-1	0	0
		0	0	1
		0	1	0
		-29.0473	0	-3.76539
	}
}
{Volume "body3"
	{Polyhedron "body3.vol"}
	{Bone "body"}
	{Matrix34
		-1	0	0
		0	0	1
		0	1	0
		-29.0473	0	-3.76539
	}
}
{Volume "body4"
	{Polyhedron "body4.vol"}
	{Bone "body"}
	{Matrix34
		-1	0	0
		0	0	1
		0	1	0
		-29.0473	0	-3.76539
	}
}
{Volume "gun"
	{Cylinder 1.65128 56.2312}
	{Bone "gun"}
	{Matrix34
		0	1	0
		0	0	1
		1	0	0
		30.3978	0.0498206	-1.11744
	}
}
{Volume "mantlet"
	{Polyhedron "mantlet.vol"}
	{Bone "body"}
	{Matrix34
		-1	0	0
		0	0	1
		0	1	0
		45.204	-12.45	11.8353
	}
}
{Volume "part1"
	{Box 15.6999 5.06238 1.10046}
	{Bone "part1"}
	{Position 0.0465126	-3.08313	-0.809433}
}
{Volume "part2"
	{Box 13.9391 9.90439 0.358457}
	{Bone "part2"}
	{Position 6.8492	-0.110659	-0.356303}
}
{Volume "part3"
	{Polyhedron "part3.vol"}
	{Bone "part3"}
	{Matrix34
		0.999957	-0.00372586	0.00848669
		0.00369448	0.999986	0.00371013
		-0.00850034	-0.00367861	0.999957
		6.4434	-0.339214	-0.146069
	}
}
{Volume "part4"
	{Box 11.3712 13.7927 0.733642}
	{Bone "part4"}
	{Matrix34
		0.999972	0	0.00753224
		0	1	0
		-0.00753191	0	0.999972
		-6.19953	0.445858	-0.389937
	}
}
{Volume "trackleft"
	{Polyhedron "trackleft.vol"}
	{Bone "wheelsl"}
	{Matrix34
		0	-1	0
		0	0	1
		-1	0	0
		52.4411	3.03591	0.731562
	}
}
{Volume "trackright"
	{Polyhedron "trackright.vol"}
	{Bone "wheelsr"}
	{Matrix34
		0	-1	0
		0	0	1
		-1	0	0
		52.4411	-3.18692	0.731558
	}
}
