;Exported by: sasha
;Date:        Tue Jul 15 17:03:37 2008
;File:        D:\-Projects-\-3DWork-\-Vehicles-\engineers\blitz3_6_tech_xx.max
{Skeleton
	{bone "basis"
		{parameters "WheelRadius=0.3;"}
		{Orientation
			1	0	0
			0	-1	0
			0	0	1
		}
		{bone "body"
			{parameters "ID=body;"}
			{Matrix34
				0.999113	0.00177083	-0.042075
				-8.98773e-005	0.999203	0.0399198
				0.0421121	-0.0398806	0.998317
				-1.98032	-0.199289	18.731
			}
			{VolumeView "body.ply"}
			{bone "cabin"
				{parameters "ID=cabin;"}
				{Matrix34
					0.999808	-5.10134e-005	0.0195929
					5.10672e-005	1	0
					-0.0195929	0	0.999808
					20.8494	-0.00106454	-0.332296
				}
				{VolumeView "cabin.ply"}
			}
			{bone "engine"
				{parameters "ID=engine;"}
				{Position 46.6054	-0.63534	0.562004}
				{VolumeView "engine.ply"}
			}
			{bone "part5"
				{Matrix34
					0.947343	-0.229509	0.223311
					0.21885	0.97312	0.0717095
					-0.233766	-0.0190619	0.972106
					24.6321	22.9591	10.3182
				}
				{VolumeView "part5.ply"}
			}
			{bone "part2"
				{Position 36.1375	-16.0415	-0.837851}
				{VolumeView "part2.ply"}
			}
			{bone "part1"
				{Matrix34
					0.999808	-5.10128e-005	0.0195929
					5.10681e-005	1	0
					-0.0195929	0	0.999808
					22.2146	-0.575836	22.8169
				}
				{VolumeView "part1.ply"}
			}
			{bone "part4"
				{Position -44.2281	14.6656	-2.28222}
				{VolumeView "part4.ply"}
			}
			{bone "bodyback"
				{parameters "ID=bodyback;"}
				{Matrix34
					0.999113	-9.00418e-005	0.0421123
					0.00335841	0.996983	-0.0775465
					-0.0419783	0.0776191	0.996099
					0	0	0
				}
				{VolumeView "bodyback.ply"}
				{bone "part3"
					{Matrix34
						1	0	0
						0	0.999287	0.037758
						0	-0.037758	0.999287
						-78.4501	10.484	28.0626
					}
					{VolumeView "part3.ply"}
				}
				{bone "part6"
					{Matrix34
						0.999113	0.00335841	-0.0419783
						-9.00422e-005	0.996983	0.0776191
						0.0421123	-0.0775465	0.996099
						-37.2844	-18.4635	1.97307
					}
					{VolumeView "part6.ply"}
				}
			}
		}
		{bone "pivot_front"
			{Position 41.5227	-0.774013	8.52185}
			{VolumeView "pivot_front.ply"}
			{bone revolute "steer_l"
				{Matrix34
					-0.999848	0	0.0174524
					0	1	0
					-0.0174524	0	-0.999848
					0.0985069	14.8029	-3.90433
				}
				{bone "fxtracel1"
					{Matrix34
						0.999848	0	0.0174524
						0.0174524	0	-0.999848
						0	1	0
						4.93016	4.02304	4.79342
					}
				}
				{bone revolute "wheelleft1"
					{parameters "ID=wheelleft1;"}
					{Matrix34
						0.999848	0	0.017452
						0.017452	0	-0.999848
						0	1	0
						-0.080307	2.90854	-1.46646
					}
					{VolumeView "wheelleft1.ply"}
				}
			}
			{bone revolute "steer_r"
				{Matrix34
					-1	0	0
					0	1	0
					0	0	-1
					0.111965	-14.917	-1.94665
				}
				{bone "fxtracer1"
					{Matrix34
						0.999962	-0.00872679	0
						0	0	-1
						-0.0087268	-0.999962	0
						5.76196	-4.0695	4.83898
					}
				}
				{bone revolute "wheelright1"
					{parameters "ID=wheelright1;"}
					{Matrix34
						1	0	0
						0	0	-1
						0	1	0
						-0.0924301	-5.04737	-1.47392
					}
					{VolumeView "wheelright1.ply"}
				}
			}
		}
		{bone "pivot_back"
			{parameters "ID=body;"}
			{Position -39.7542	-0.774	8.78257}
			{VolumeView "pivot_back.ply"}
			{bone revolute "spring_l"
				{Matrix34
					0.999847	0	0.0175169
					0	1	0
					-0.0175169	0	0.999847
					-0.727226	12.0909	-2.94989
				}
				{bone "fxtracel2"
					{Matrix34
						-0.999847	0	0.017517
						0.0175169	0	0.999847
						0	1	0
						-4.63472	6.6509	-2.2605
					}
				}
				{bone revolute "wheelleft2"
					{parameters "ID=wheelleft2;"}
					{Matrix34
						-0.999847	0	0.0175167
						0.0175167	0	0.999847
						0	1	0
						0.0867653	7.49575	2.12147
					}
					{VolumeView "wheelleft2.ply"}
				}
			}
			{bone revolute "spring_r"
				{Matrix34
					0.999847	0	0.0175169
					0	1	0
					-0.0175169	0	0.999847
					-0.733818	-10.6728	-1.49707
				}
				{bone "fxtracer2"
					{Matrix34
						-0.999847	0	0.017517
						0.0175169	0	0.999847
						0	1	0
						-3.94497	-7.03082	-2.02061
					}
				}
				{bone "wheelright2"
					{parameters "ID=wheelright2;"}
					{Matrix34
						-0.999847	0	0.0175167
						0.0175167	0	0.999847
						0	1	0
						0.0478668	-7.14167	1.00187
					}
					{VolumeView "wheelright2.ply"}
				}
			}
		}
	}
}
{Volume "body"
	{Box 134.942 20.469 8.62423}
	{Bone "body"}
	{Position -2.10709	-0.649678	-1.31573}
}
{Volume "bodyback_1"
	{Box 17.6686 36.9637 23.1605}
	{Bone "bodyback"}
	{Matrix34
		0.872182	0.0184706	-0.488832
		0	0.999287	0.0377579
		0.48918	-0.0329317	0.871561
		-72.1873	-3.59343	29.2288
	}
}
{Volume "bodyback"
	{Polyhedron "bodyback.vol"}
	{Bone "bodyback"}
	{Matrix34
		0.999997	0.001698	0.00200701
		-0.00177683	0.9992	0.039955
		-0.00193755	-0.0399584	0.999199
		-32.187	-2.00862	5.80227
	}
}
{Volume "cabin"
	{Box 20.9995 34.4692 21.1293}
	{Bone "cabin"}
	{Matrix34
		0.999807	5.10405e-005	-0.019593
		-5.09891e-005	1	0
		0.019593	0	0.999806
		0.737165	-0.573695	10.1809
	}
}
{Volume "engine"
	{Box 25.9462 28.0704 19.5311}
	{Bone "engine"}
	{Position 3.98396	1.117	8.73366}
}
{Volume "part1"
	{Polyhedron "part1.vol"}
	{Bone "part1"}
	{Position 0	0	0}
}
{Volume "part2"
	{Polyhedron "part2.vol"}
	{Bone "part2"}
	{Matrix34
		0.996195	0.00348274	0.0870859
		-0.00346927	0.999994	-0.000305925
		-0.0870864	0	0.996201
		6.53897	0	1.55694
	}
}
{Volume "part3_1"
	{Cylinder 3.27165 9.83242}
	{Bone "part3"}
	{Matrix34
		1	0	0
		0	0.0664227	0.997792
		0	-0.997792	0.0664227
		-0.187682	-0.148039	8.43124
	}
}
{Volume "part3_2"
	{Cylinder 3.27165 9.83242}
	{Bone "part3"}
	{Matrix34
		1	0	0
		0	-0.0976529	0.995221
		0	-0.99522	-0.0976529
		-0.139724	-0.135397	-3.34213
	}
}
{Volume "part3"
	{Cylinder 1.13016 42.7761}
	{Bone "part3"}
	{Position 0	0	0}
}
{Volume "part4_1"
	{Box 3.14831 4.17757 14.2806}
	{Bone "part4"}
	{Matrix34
		0.999113	-9.00421e-005	0.0421123
		-0.0420751	0.0399197	0.998317
		-0.001771	-0.999203	0.0398805
		-24.9662	0.824144	-0.227898
	}
}
{Volume "part4_2"
	{Box 3.14831 4.17757 14.2806}
	{Bone "part4"}
	{Matrix34
		0.999113	-9.00421e-005	0.0421123
		-0.0420751	0.0399197	0.998317
		-0.001771	-0.999203	0.0398805
		-9.56501	0.792554	-0.335621
	}
}
{Volume "part4_3"
	{Box 3.14831 4.17757 14.2806}
	{Bone "part4"}
	{Matrix34
		0.999113	-9.00421e-005	0.0421123
		-0.0420751	0.0399197	0.998317
		-0.001771	-0.999203	0.0398805
		21.6096	0.768428	0.444171
	}
}
{Volume "part4"
	{Box 53.4639 4.32321 5.09682}
	{Bone "part4"}
	{Position -0.208855	-6.27444	0.277252}
}
{Volume "part5"
	{Box 18.8275 3.22813 30.1897}
	{Bone "part5"}
	{Matrix34
		0.995359	-0.0920754	0.0279905
		0.0937559	0.993389	-0.0662349
		-0.0217068	0.0685517	0.997411
		-0.501667	-4.95728	0.156073
	}
}
{Volume "part6"
	{Polyhedron "part6.vol"}
	{Bone "part6"}
}
{Volume "pivot_front"
	{Cylinder 5.32428 4.24529}
	{Bone "pivot_front"}
	{Matrix34
		-1	0	0
		0	0	1
		0	1	0
		0.0268215	-19.7317	-0.485269
	}
}
{Volume "wheelleft1"
	{Cylinder 5.32428 4.24529}
	{Bone "wheelleft1"}
	{Position 0.177571	0.38212	1.70466}
}
{Volume "wheelleft2"
	{Cylinder 5.32428 8.16401}
	{Bone "wheelleft2"}
	{Position 0.104397	-1.13179	-1.06385}
}
{Volume "wheelright1"
	{Cylinder 8.70566 4.32863}
	{Bone "wheelright1"}
	{Matrix34
		0.694612	0.719384	0
		-0.719384	0.694612	0
		0	0	1
		0	0.32768	-0.119303
	}
}
{Volume "wheelright2"
	{Cylinder 8.62533 8.16401}
	{Bone "wheelright2"}
	{Position -0.185574	0.50438	1.18947}
}
