;Exported by: Mauzer
;Date:        Thu Feb 11 15:27:52 2010
;File:        E:\Autodesk\Low poly\freelance\DMS\Comet I (A34)\Comet A34_x.max
{Skeleton
	{bone "basis"
		{Orientation
			1	0	0
			0	-1	0
			0	0	1
		}
		{bone "wheelsr"
			{parameters "wheelsR;"}
			{animation
				{sequence "break" {file "trackR.anm"}}
			}
			{Position 5.59492	-20.8047	10.1996}
			{VolumeView "wheelsr.ply"}
			{bone revolute "wheelr2"
				{parameters "ID=trackRight;Radius=0.35;"}
				{Matrix34
					1	0	0
					0	0	-1
					0	-1	0
					32.9877	-4.18532	-0.848452
				}
				{VolumeView "wheelr2.ply"}
			}
			{bone revolute "wheelr3"
				{parameters "ID=trackRight;Radius=0.35;"}
				{Matrix34
					0.803857	0	0.594822
					0.594822	0	-0.803857
					0	-1	0
					15.5868	-4.18532	-0.848452
				}
				{VolumeView "wheelr2.ply"}
			}
			{bone revolute "wheelr4"
				{parameters "ID=trackRight;Radius=0.35;"}
				{Matrix34
					0.317304	0	-0.948324
					-0.948324	0	-0.317304
					0	-1	0
					-4.09628	-4.18531	-0.848452
				}
				{VolumeView "wheelr2.ply"}
			}
			{bone revolute "wheelr5"
				{parameters "ID=trackRight;Radius=0.35;"}
				{Matrix34
					0.551936	0	-0.833886
					-0.833886	0	-0.551936
					0	-1	0
					-23.8187	-4.18532	-0.848452
				}
				{VolumeView "wheelr2.ply"}
			}
			{bone revolute "wheelr6"
				{parameters "ID=trackRight;Radius=0.35;"}
				{Matrix34
					0.984808	0	-0.173649
					-0.173649	0	-0.984808
					0	-1	0
					-41.6232	-4.18531	-0.848452
				}
				{VolumeView "wheelr2.ply"}
			}
			{bone "trackr"
				{parameters "CommonMesh;ID=trackright;"}
				{Matrix34
					-1	0	0
					0	0	1
					0	1	0
					-1.28068	-3.95536	5.76628
				}
				{VolumeView "trackr.ply"}
			}
		}
		{bone "wheelsl"
			{parameters "wheelsL;"}
			{animation
				{sequence "break" {file "trackL.anm"}}
			}
			{Position 5.59492	21.3993	10.1996}
			{VolumeView "wheelsl.ply"}
			{bone revolute "wheell2"
				{parameters "ID=trackleft;Radius=0.35;"}
				{Matrix34
					1	0	0
					0	0	-1
					0	1	0
					32.9877	4.18525	-0.848452
				}
				{VolumeView "wheell2.ply"}
			}
			{bone revolute "wheell3"
				{parameters "ID=trackleft;Radius=0.35;"}
				{Matrix34
					0.930418	0	0.366501
					0.366501	0	-0.930418
					0	1	0
					15.5868	4.18525	-0.848452
				}
				{VolumeView "wheell2.ply"}
			}
			{bone revolute "wheell4"
				{parameters "ID=trackleft;Radius=0.35;"}
				{Matrix34
					0.97237	0	-0.233445
					-0.233445	0	-0.97237
					0	1	0
					-4.09628	4.18525	-0.848452
				}
				{VolumeView "wheell2.ply"}
			}
			{bone revolute "wheell5"
				{parameters "ID=trackleft;Radius=0.35;"}
				{Matrix34
					1	0	0
					0	0	-1
					0	1	0
					-23.8187	4.18525	-0.848452
				}
				{VolumeView "wheell2.ply"}
			}
			{bone revolute "wheell6"
				{parameters "ID=trackleft;Radius=0.35;"}
				{Matrix34
					0.731354	0	-0.681998
					-0.681998	0	-0.731354
					0	1	0
					-41.6232	4.18525	-0.848452
				}
				{VolumeView "wheell2.ply"}
			}
			{bone "trackl"
				{parameters "CommonMesh;ID=trackLeft;"}
				{Matrix34
					-1	0	0
					0	0	1
					0	1	0
					-1.28067	4.5585	5.76628
				}
				{VolumeView "trackl.ply"}
			}
		}
		{bone "body"
			{parameters "ID=body;"}
			{animation
				{sequence "break" {file "body_b.anm"} {speed 0.7}}
			}
			{Position 0.107138	0.295004	21.1575}
			{VolumeView "body.ply"}
			{bone revolute "turret"
				{parameters "ID=turret;"}
				{animation
					{sequence "break" {file "turret_b.anm"} {speed 0.9}}
				}
				{speed 0.01}
				{Position 13.2809	0	19.0583}
				{VolumeView "turret.ply"}
				{bone "cover2"
					{Position -9.53164	13.3869	13.1611}
					{VolumeView "cover2.ply"}
				}
				{bone "cover1"
					{Position -9.53164	5.47891	13.1389}
					{VolumeView "cover1.ply"}
				}
				{bone "cover4"
					{Position -10.7404	-10.5815	9.21449}
					{VolumeView "cover4.ply"}
				}
				{bone "cover3"
					{Position 0.874117	-10.5815	7.65072}
					{VolumeView "cover3.ply"}
				}
				{bone "antenb1"
					{Position -23.4898	-0.0187521	13.387}
					{VolumeView "antenb1.ply"}
					{bone "antenb2"
						{Matrix34
							0.999391	0	0.0348995
							0	1	0
							-0.0348995	0	0.999391
							0	0	9.83615
						}
						{VolumeView "antenb2.ply"}
						{bone "antenb3"
							{Matrix34
								0.997564	0	0.0697565
								0	1	0
								-0.0697565	0	0.997564
								0	0	6.60665
							}
							{VolumeView "antenb3.ply"}
							{bone "antenb4"
								{Matrix34
									0.997564	0	0.0697565
									0	1	0
									-0.0697565	0	0.997564
									0	0	6.68233
								}
								{VolumeView "antenb4.ply"}
							}
						}
					}
				}
				{bone "antena1"
					{Position -18.3719	-13.5967	10.6653}
					{VolumeView "antena1.ply"}
					{bone "antena2"
						{Matrix34
							0.999391	0	0.0348995
							0	1	0
							-0.0348995	0	0.999391
							0	0	17.5181
						}
						{VolumeView "antena2.ply"}
						{bone "antena3"
							{Matrix34
								0.997564	0	0.0697565
								0	1	0
								-0.0697565	0	0.997564
								0	0	11.6679
							}
							{VolumeView "antena3.ply"}
							{bone "antena4"
								{Matrix34
									0.994522	0	0.104528
									0	1	0
									-0.104528	0	0.994522
									0	0	11.812
								}
								{VolumeView "antena4.ply"}
								{bone "antena5"
									{Matrix34
										0.978148	0	0.207912
										0	1	0
										-0.207912	0	0.978148
										-1.33514e-005	0	5.7634
									}
									{VolumeView "antena5.ply"}
								}
							}
						}
					}
				}
				{bone revolute "gun_rot"
					{parameters "ID=gun;"}
					{animation
						{sequence "break" {file "gun_b.anm"} {speed 0.6}}
					}
					{limits -10 15}
					{speed 0.01}
					{Matrix34
						1	0	0
						0	0	1
						0	-1	0
						11.9535	-0.162521	0.416046
					}
					{VolumeView "gun_rot.ply"}
					{bone "gun"
						{parameters "ID=gun;"}
						{Matrix34
							1	0	0
							0	0	-1
							0	1	0
							8.548	-0.424023	-1.90735e-005
						}
						{VolumeView "gun.ply"}
					}
				}
			}
			{bone "cover5"
				{Position 44.4712	-12.9407	7.38923}
				{VolumeView "cover5.ply"}
			}
			{bone revolute "wheell11"
				{parameters "ID=trackleft;Radius=0.35;"}
				{Matrix34
					1	0	0
					0	0	-1
					0	1	0
					-26.3441	25.3034	-0.571823
				}
				{VolumeView "wheell11.ply"}
			}
			{bone revolute "wheell10"
				{parameters "ID=trackleft;Radius=0.35;"}
				{Matrix34
					0.965926	0	-0.258819
					-0.258819	0	-0.965926
					0	1	0
					-7.22911	25.3034	-0.571823
				}
				{VolumeView "wheell11.ply"}
			}
			{bone revolute "wheell9"
				{parameters "ID=trackleft;Radius=0.35;"}
				{Matrix34
					1	0	0
					0	0	-1
					0	1	0
					11.7701	25.3034	-0.571823
				}
				{VolumeView "wheell11.ply"}
			}
			{bone revolute "wheell8"
				{parameters "ID=trackleft;Radius=0.35;"}
				{Matrix34
					0.156434	0	-0.987688
					-0.987688	0	-0.156434
					0	1	0
					30.7695	25.3033	-0.571823
				}
				{VolumeView "wheell11.ply"}
			}
			{bone revolute "wheell1"
				{parameters "ID=trackleft;Radius=0.35;"}
				{Matrix34
					1	0	0
					0	0	-1
					0	1	0
					55.0441	25.9866	-4.49565
				}
				{VolumeView "wheell1.ply"}
			}
			{bone revolute "wheelr1"
				{parameters "ID=trackRight;Radius=0.35;"}
				{Matrix34
					1	0	0
					0	0	-1
					0	-1	0
					55.0441	-26.0541	-4.49566
				}
				{VolumeView "wheelr1.ply"}
			}
			{bone revolute "wheelr8"
				{parameters "ID=trackRight;Radius=0.35;"}
				{Matrix34
					1	0	0
					0	0	-1
					0	-1	0
					30.7695	-25.2988	-0.571827
				}
				{VolumeView "wheelr8.ply"}
			}
			{bone revolute "wheelr9"
				{parameters "ID=trackRight;Radius=0.35;"}
				{Matrix34
					1	0	0
					0	0	-1
					0	-1	0
					11.7701	-25.2988	-0.571827
				}
				{VolumeView "wheelr8.ply"}
			}
			{bone revolute "wheell7"
				{parameters "ID=trackleft;Radius=0.35;"}
				{Matrix34
					1	0	0
					0	0	-1
					0	1	0
					-51.8138	25.3547	-6.05522
				}
				{VolumeView "wheell7.ply"}
			}
			{bone revolute "wheelr10"
				{parameters "ID=trackRight;Radius=0.35;"}
				{Matrix34
					1	0	0
					0	0	-1
					0	-1	0
					-7.22911	-25.2988	-0.571827
				}
				{VolumeView "wheelr8.ply"}
			}
			{bone revolute "wheelr7"
				{parameters "ID=trackRight;Radius=0.35;"}
				{Matrix34
					1	0	0
					0	0	-1
					0	-1	0
					-51.8138	-25.3501	-6.05522
				}
				{VolumeView "wheelr7.ply"}
			}
			{bone revolute "wheelr11"
				{parameters "ID=trackRight;Radius=0.35;"}
				{Matrix34
					1	0	0
					0	0	-1
					0	-1	0
					-26.3441	-25.2988	-0.571827
				}
				{VolumeView "wheelr8.ply"}
			}
			{bone revolute "mgun_rot2"
				{limits -15 15}
				{Matrix34
					1	0	0
					0	0	1
					0	-1	0
					42.8266	4.69773	7.02916
				}
				{bone revolute "mgun"
					{limits -15 15}
					{Matrix34
						1	0	0
						0	0	-1
						0	1	0
						-0.00994873	-0.0797787	0.0561261
					}
					{VolumeView "mgun.ply"}
				}
			}
			{bone "engine"
				{parameters "CommonMesh;ID=engine;"}
				{animation
					{sequence "break" {file "engine_b.anm"} {speed 0.6}}
				}
				{Position -39.5284	0.0295985	12.0696}
				{VolumeView "engine.ply"}
			}
		}
	}
}
{Volume "crew"
	{Box 33.8187 30.1427 16.5431}
	{Bone "body"}
	{Position 14.4369	0.146846	1.08362}
}
{Volume "inventory"
	{Box 18.954 19.9658 10.9896}
	{Bone "body"}
	{Position 13.416	0.263397	0.288417}
}
