;Exported by: caps
;Date:        Mon Aug 13 15:16:45 2018
;File:        G:\!_Work\Tank_Trap\3D\tank_trap_x.max
{Skeleton
	{bone "hedgehog_x"
		{Orientation
			1	0	0
			0	-1	0
			0	0	1
		}
		{bone "piece01"
			{Position 1.15036	0.323561	11.9277}
			{VolumeView "piece01.ply"}
		}
		{bone "piece02"
			{Position 3.40767	0.529635	15.2134}
			{VolumeView "piece02.ply"}
		}
		{bone "piece03"
			{Position -1.64556	-2.04773	13.0687}
			{VolumeView "piece03.ply"}
		}
	}
}
{Volume "piece01"
	{Box 4.11795 3.82803 41.3305}
	{Bone "piece01"}
	{Matrix34
		-0.755693	0.363087	-0.545065
		-0.65402	-0.374625	0.657201
		0.034426	0.853126	0.520568
		-0.0478486	0.33193	-0.790353
	}
}
{Volume "piece02"
	{Box 4.11795 3.82803 41.7354}
	{Bone "piece02"}
	{Matrix34
		-0.0837459	-0.83439	-0.544776
		0.767011	-0.402979	0.499302
		-0.636145	-0.376035	0.673734
		-0.101979	-0.0513363	0.666608
	}
}
{Volume "piece03"
	{Box 4.11795 3.82803 43.4605}
	{Bone "piece03"}
	{Matrix34
		0.628431	0.381977	-0.677619
		0.0372277	0.855359	0.516696
		0.776974	-0.349934	0.523313
		-0.356941	-0.381299	-0.124393
	}
}
