;Exported by: Mauzer
;Date:        Sun Feb 28 11:31:53 2010
;File:        E:\Autodesk\Low poly\freelance\DMS\Wespe (with nettting)\wespe_xx.max
{Skeleton
	{bone "basis"
		{Orientation
			1	0	0
			0	-1	0
			0	0	1
		}
		{bone "wheelsl"
			{parameters "wheelsL;"}
			{Position 1.12638	-0.250788	17.2692}
			{VolumeView "wheelsl.ply"}
			{bone revolute "wheell3"
				{parameters "ID=trackleft;Radius=0.24;"}
				{Matrix34
					0.978148	-0.207912	0
					0	0	-1
					0.207912	0.978148	0
					14.3988	18.9666	-11.2175
				}
				{VolumeView "wheell3.ply"}
			}
			{bone revolute "part2"
				{parameters "ID=trackleft;Radius=0.24;"}
				{Matrix34
					1	0	0
					0	0	-1
					0	1	0
					-9.21256	18.9666	-11.2175
				}
				{VolumeView "wheell3.ply"}
			}
			{bone revolute "wheell6"
				{parameters "ID=trackleft;Radius=0.24;"}
				{Matrix34
					0.999657	0.0261769	0
					0.0054425	-0.207841	-0.978148
					-0.0256049	0.977812	-0.207912
					-20.9611	18.9666	-11.2175
				}
				{VolumeView "wheell3.ply"}
			}
		}
		{bone "wheelsr"
			{parameters "wheelsR;"}
			{Position 1.12638	-0.250788	17.2692}
			{VolumeView "wheelsr.ply"}
			{bone revolute "wheelr6"
				{parameters "ID=trackRight;Radius=0.24;"}
				{Matrix34
					0.998135	0.0610485	0
					0	0	-1
					-0.0610485	0.998135	0
					-20.9612	-18.9535	-11.2175
				}
				{VolumeView "wheelr6.ply"}
			}
			{bone revolute "wheelr4"
				{parameters "ID=trackRight;Radius=0.24;"}
				{Matrix34
					0.97437	0.22248	-0.0332499
					0	-0.147809	-0.989016
					-0.224951	0.963668	-0.144021
					2.5771	-18.9535	-11.2175
				}
				{VolumeView "wheelr6.ply"}
			}
			{bone revolute "wheelr3"
				{parameters "ID=trackRight;Radius=0.24;"}
				{Matrix34
					1	0	0
					0	0.147809	-0.989016
					0	0.989016	0.147809
					14.3988	-18.9535	-11.2175
				}
				{VolumeView "wheelr6.ply"}
			}
		}
		{bone "body"
			{parameters "ID=body;"}
			{Matrix34
				0.998135	-0.00213082	-0.0610114
				0	0.999391	-0.034899
				0.0610486	0.0348339	0.997527
				1.12638	-0.250788	17.2692
			}
			{VolumeView "body.ply"}
			{bone revolute "mantlet"
				{parameters "ID=gun;"}
				{limits -17 17}
				{speed 0.01}
				{Matrix34
					0.999998	0.00213085	3.71896e-005
					-0.00213085	0.999391	0.0348344
					3.70555e-005	-0.0348344	0.999393
					-13.6982	0.0315427	16.893
				}
				{VolumeView "mantlet.ply"}
				{bone revolute "gun_rot"
					{parameters "ID=gun;"}
					{limits -6 35}
					{speed 0.01}
					{Matrix34
						0.997657	0.00237793	-0.0683671
						0.0683667	0.000227163	0.99766
						0.0023879	-0.999997	6.40605e-005
						-1.76845	0	4.38786
					}
					{VolumeView "gun_rot.ply"}
					{bone "gun"
						{parameters "ID=gun;"}
						{Matrix34
							1	0	0
							0	0	-1
							0	1	0
							23.8141	-0.114445	0.040115
						}
						{VolumeView "gun.ply"}
					}
				}
			}
			{bone "cover3"
				{Matrix34
					-0.748956	0	-0.66262
					0	1	0
					0.66262	0	-0.748956
					26.2203	4.7907	10.8902
				}
				{VolumeView "cover3.ply"}
			}
			{bone "cover4"
				{Matrix34
					-0.965926	0	0.258819
					0	1	0
					-0.258819	0	-0.965926
					16.3846	4.7907	10.8953
				}
				{VolumeView "cover4.ply"}
			}
			{bone "cover1"
				{Matrix34
					-0.165048	0	0.986286
					0	1	0
					-0.986286	0	-0.165048
					30.507	4.91887	10.8765
				}
				{VolumeView "cover1.ply"}
			}
			{bone "cover2"
				{Matrix34
					0.981627	0	-0.190809
					0	1	0
					0.190809	0	0.981627
					-45.4818	-2.86102e-005	10.6734
				}
				{VolumeView "cover2.ply"}
			}
			{bone revolute "part1"
				{parameters "ID=trackleft;Radius=0.35;"}
				{Matrix34
					0.989812	0.119194	0.077882
					0.078856	-0.0034696	-0.99688
					-0.118552	0.992865	-0.0128334
					40.0545	19.5597	-5.30924
				}
				{VolumeView "part1.ply"}
			}
			{bone revolute "wheell10"
				{parameters "ID=trackleft;Radius=0.10;"}
				{Matrix34
					1	0	0
					0	0	-1
					0	1	0
					24.008	18.5458	-0.3582
				}
				{VolumeView "wheell10.ply"}
			}
			{bone revolute "wheell8"
				{parameters "ID=trackleft;Radius=0.10;"}
				{Matrix34
					1	0	0
					0	0	-1
					0	1	0
					-19.5033	18.5458	-1.25219
				}
				{VolumeView "wheell10.ply"}
			}
			{bone revolute "wheell7"
				{parameters "ID=trackleft;Radius=0.28;"}
				{Matrix34
					0.997836	-0.0440372	0.0488235
					0.0521495	0.0778425	-0.995601
					0.040043	0.995993	0.0799706
					-35.6783	19.328	-5.18687
				}
				{VolumeView "wheell7.ply"}
			}
			{bone revolute "wheelr10"
				{parameters "ID=trackRight;Radius=0.10;"}
				{Matrix34
					1	0	0
					0	0	-1
					0	1	0
					24.008	-18.5327	-0.358196
				}
				{VolumeView "wheelr10.ply"}
			}
			{bone revolute "wheelr1"
				{parameters "ID=trackRight;Radius=0.35;"}
				{Matrix34
					1	0	0
					0	0	-1
					0	1	0
					40.0545	-19.5466	-5.30925
				}
				{VolumeView "wheelr1.ply"}
			}
			{bone revolute "wheelr9"
				{parameters "ID=trackRight;Radius=0.10;"}
				{Matrix34
					1	0	0
					0	0	-1
					0	1	0
					2.56739	-18.5327	-0.840931
				}
				{VolumeView "wheelr10.ply"}
			}
			{bone revolute "part3"
				{parameters "ID=trackRight;Radius=0.28;"}
				{Matrix34
					0.997564	-0.0697565	0
					0	0	-1
					0.0697565	0.997564	0
					-35.6783	-19.3166	-5.18687
				}
				{VolumeView "part3.ply"}
			}
			{bone "part4"
				{parameters "ID=body;"}
				{Position 36.1008	18.3814	6.97975}
				{VolumeView "part4.ply"}
			}
			{bone "part5"
				{parameters "ID=body;"}
				{Position -30.7993	16.7273	17.3894}
				{VolumeView "part5.ply"}
			}
			{bone "part6"
				{parameters "ID=body;"}
				{Position -34.8402	16.1746	20.2738}
				{VolumeView "part6.ply"}
			}
			{bone "part7"
				{Position -46.7513	-7.95053	0.816811}
				{VolumeView "part7.ply"}
			}
		}
	}
}
{Volume "body1"
	{Polyhedron "body1.vol"}
	{Bone "body"}
}
{Volume "body2"
	{Polyhedron "body2.vol"}
	{Bone "body"}
}
{Volume "body3"
	{Polyhedron "body3.vol"}
	{Bone "body"}
}
{Volume "body4"
	{Polyhedron "body4.vol"}
	{Bone "body"}
}
{Volume "body5"
	{Polyhedron "body5.vol"}
	{Bone "body"}
}
{Volume "body6"
	{Polyhedron "body6.vol"}
	{Bone "body"}
	{Position -5.95887	15.253	18.9619}
}
{Volume "body7"
	{Polyhedron "body7.vol"}
	{Bone "body"}
	{Position -25.8003	18.5148	19.0797}
}
{Volume "body8"
	{Polyhedron "body8.vol"}
	{Bone "body"}
	{Position -43.7859	-0.0113181	15.4904}
}
{Volume "body9"
	{Polyhedron "body9.vol"}
	{Bone "body"}
	{Position -25.8003	-18.5216	19.0797}
}
{Volume "gun"
	{Cylinder 2.44094 64.4671}
	{Bone "gun_rot"}
	{Matrix34
		0	0	-1
		0	1	0
		1	0	0
		24.4117	0.0111723	0.0401116
	}
}
{Volume "mantlet"
	{Polyhedron "mantlet.vol"}
	{Bone "mantlet"}
	{Position 1.35984	-0.0875062	-5.99297}
}
{Volume "part1"
	{Cylinder 8.19843 1.15932}
	{Bone "part1"}
	{Position -0.142052	0.0455102	-0.597313}
}
{Volume "part2"
	{Cylinder 5.90287 1.8665}
	{Bone "part2"}
	{Position 0	0	-0.220873}
}
{Volume "part3"
	{Cylinder 6.55875 2.27317}
	{Bone "part3"}
	{Position 0.049675	0.0240877	0.44736}
}
{Volume "part4"
	{Cylinder 1.53519 2.43958}
	{Bone "part4"}
	{Matrix34
		0	-0.0349639	0.999388
		0.0349627	0.998778	0.0349426
		-0.999389	0.0349413	0.00122242
		-0.0128195	0.00709088	1.09467
	}
}
{Volume "part5"
	{Box 5.41535 3.4566 2.75368}
	{Bone "part5"}
	{Matrix34
		1	0.000532628	0
		0	-0.00870985	0.999962
		0.000532627	-0.999962	-0.00870983
		-0.0313368	-0.0108747	0.0153441
	}
}
{Volume "part6"
	{Box 14.7297 3.69856 0.330106}
	{Bone "part6"}
	{Matrix34
		0.974694	-0.0632947	0.214397
		0.0160399	0.976409	0.215336
		-0.222969	-0.206448	0.952714
		-0.0025342	-0.00328641	-0.045316
	}
}
{Volume "part7"
	{Box 3.91176 8.85067 4.98967}
	{Bone "part7"}
	{Matrix34
		0.986286	-0.00577062	0.164947
		0.00577062	0.999983	0.000479229
		-0.164946	0.000479165	0.986302
		0.170242	1.70096	-0.288546
	}
}
{Volume "trackleft"
	{Polyhedron "trackleft.vol"}
	{Bone "wheelsl"}
	{Matrix34
		-1	0	0
		0	0	1
		0	1	0
		3.14949	16.3213	-6.38333
	}
}
{Volume "trackright"
	{Polyhedron "trackright.vol"}
	{Bone "wheelsr"}
	{Matrix34
		-1	0	0
		0	0	1
		0	1	0
		3.14949	-21.1511	-7.39822
	}
}
