;Exported by: sasha
;Date:        Mon Jul 21 16:30:23 2008
;File:        D:\-Projects-\-3DWork-\-Vehicles-\engineers\gmc_tech_x.max
{Skeleton
	{bone "basis"
		{Orientation
			1	0	0
			0	-1	0
			0	0	1
		}
		{bone "body"
			{parameters "ID=body;"}
			{animation
				{sequence "break" {file "body_b.anm"} {speed 0.5}}
			}
			{Position 0	0	29.8586}
			{VolumeView "body.ply"}
			{bone "cabin"
				{parameters "ID=cabin;"}
				{animation
					{sequence "break" {file "cabin_b.anm"} {speed 0.5}}
				}
				{Matrix34
					0.99986	0	0.0167505
					-0.0167505	0	0.99986
					0	-1	0
					21.6028	0.424994	-0.85228
				}
				{VolumeView "cabin.ply"}
				{bone "doorl"
					{parameters "ID=cabine;"}
					{Position 7.38373	-0.0971718	-12.9781}
					{VolumeView "doorl.ply"}
				}
				{bone "glass"
					{Position 7.35144	7.71296	0.22633}
					{VolumeView "glass.ply"}
				}
				{bone "doorr"
					{parameters "ID=cabine;"}
					{Matrix34
						0.999101	-0.0423953	0
						0	0	-1
						0.0423953	0.999101	0
						7.34714	-0.447556	13.1513
					}
					{VolumeView "doorr.ply"}
				}
			}
			{bone "bodyback"
				{parameters "CommonMesh;ID=bodyback;"}
				{animation
					{sequence "break" {file "bodyback_b.anm"} {speed 0.5}}
				}
				{VolumeView "bodyback.ply"}
				{bone "detail1"
					{parameters "ID=bodyback;"}
					{Position -1.70573	14.2922	-16.5656}
					{VolumeView "detail1.ply"}
				}
				{bone "enumerator"
					{Matrix34
						-0.00872444	-0.999962	0
						0.0736959	-0.00064301	0.997281
						-0.997243	0.00870071	0.0736987
						-67.609	7.99968	-6.45316
					}
					{VolumeView "enumerator.ply"}
				}
			}
			{bone "engine"
				{parameters "CommonMesh;"}
				{animation
					{sequence "break" {file "engine_b.anm"} {speed 0.5}}
				}
				{Position 34.1315	-0.369154	-6.77495}
				{VolumeView "engine.ply"}
			}
		}
		{bone "pivot_back"
			{parameters "ID=body;"}
			{Position -47.7962	-2.49693	9.14454}
			{VolumeView "pivot_back.ply"}
			{bone revolute "spring_l"
				{Matrix34
					0.999847	0	0.0175169
					0	1	0
					-0.0175169	0	0.999847
					-0.727226	12.0909	-1.37202
				}
				{bone revolute "wheell2"
					{parameters "ID=wheelleft2;"}
					{Matrix34
						-0.999847	0	0.0175167
						0.0175005	0.0429312	0.998925
						-0.000751859	0.999078	-0.0429245
						23.1804	6.5613	0.880021
					}
					{VolumeView "wheell2.ply"}
				}
				{bone revolute "wheell3"
					{parameters "ID=wheelleft3;"}
					{Matrix34
						-0.999847	0	0.0175167
						0.0174888	-0.0563651	0.998257
						0.000987476	0.99841	0.0563563
						1.35419	6.5613	1.26241
					}
					{VolumeView "wheell3.ply"}
				}
			}
			{bone revolute "spring_r"
				{Matrix34
					0.999847	0	0.0175169
					0	1	0
					-0.0175169	0	0.999847
					-0.733818	-10.6728	-1.62397
				}
				{bone revolute "wheelr2"
					{parameters "ID=wheelright2;"}
					{Matrix34
						0.996732	-0.0788643	-0.0174625
						-0.0238832	-0.0812202	-0.99641
						0.0771629	0.993571	-0.0828383
						23.1915	-2.35903	1.13181
					}
					{VolumeView "wheelr2.ply"}
				}
				{bone revolute "wheelr3"
					{parameters "ID=wheelright3;"}
					{Matrix34
						0.999847	0	-0.0175171
						-0.0175171	0	-0.999847
						0	1	0
						1.19306	-2.35903	1.51722
					}
					{VolumeView "wheelr3.ply"}
				}
			}
		}
		{bone "pivot_front"
			{parameters "ID=body;"}
			{Position 45.515	0.11078	9.14454}
			{VolumeView "pivot_front.ply"}
			{bone revolute "steer_l"
				{Matrix34
					-0.999848	0	0.0174524
					0	1	0
					-0.0174524	0	-0.999848
					0.0985069	14.8029	-1.93756
				}
				{bone revolute "wheell1"
					{parameters "ID=wheelleft1;"}
					{Matrix34
						0.999848	0	0.017452
						0.017452	0	-0.999848
						0	1	0
						0.319988	3.33408	-1.84617
					}
					{VolumeView "wheell1.ply"}
				}
			}
			{bone revolute "steer_r"
				{Matrix34
					-1	0	0
					0	1	0
					0	0	-1
					0.111965	-14.917	-1.94665
				}
				{bone revolute "wheelr1"
					{parameters "ID=wheelright1;"}
					{Matrix34
						-1	0	0
						0	0	1
						0	1	0
						0.301182	-2.87776	-1.86057
					}
					{VolumeView "wheelr1.ply"}
				}
			}
		}
	}
}
{Volume "wheelleft1"
	{Cylinder 6.29921 4.95941}
	{Bone "wheell1"}
	{Matrix34
		-0.719384	-0.689585	-0.0834182
		-0.694612	0.714178	0.0863943
		0	0.120093	-0.992763
		0	0.00618166	-0.0510859
	}
}
{Volume "wheelleft2"
	{Cylinder 6.29921 8.94553}
	{Bone "wheell2"}
	{Matrix34
		-0.999847	0.0175004	-0.000751497
		0.0175165	0.998925	-0.0429264
		0	-0.0429332	-0.999078
		0	0	0
	}
}
{Volume "wheelleft3"
	{Cylinder 6.29921 8.94553}
	{Bone "wheell3"}
	{Matrix34
		-0.999847	0.0174887	0.000988011
		0.0175165	0.998257	0.0563541
		0	0.0563634	-0.99841
		0.169797	0	0
	}
}
{Volume "wheelright1"
	{Cylinder 6.29921 4.32863}
	{Bone "wheelr1"}
	{Matrix34
		0.694612	0.719384	0
		-0.719384	0.694612	0
		0	0	1
		0	0	-0.119305
	}
}
{Volume "wheelright2"
	{Cylinder 6.29921 8.94553}
	{Bone "wheelr2"}
	{Matrix34
		-0.996732	0.0238825	-0.0771621
		0.017462	0.99641	0.0828362
		0.0788634	0.0812182	-0.993571
		-0.00302118	-0.00312901	0.0378742
	}
}
{Volume "wheelright3"
	{Cylinder 6.29921 8.94553}
	{Bone "wheelr3"}
	{Matrix34
		-0.999847	0.0175164	0
		0.0175163	0.999847	0
		0	0	-1
		0.00235516	-3.42812e-005	0.0381203
	}
}
