;Exported by: Mauzer
;Date:        Mon Oct 27 14:53:40 2008
;File:        E:\Autodesk\low poly\Sturmtiger\Tiger_x.max
{Skeleton
	{bone revolute "basis"
		{Orientation
			1	0	0
			0	-1	0
			0	0	1
		}
		{bone "body"
			{parameters "ID=body;"}
			{animation
				{sequence "break" {file "body_b.anm"} {speed 0.7}}
			}
			{Position -2.0057	-0.104204	26.9677}
			{VolumeView "body.ply"}
			{bone revolute "wheell1"
				{parameters "ID=trackleft;"}
				{Matrix34
					1	0	0
					0	0	-1
					0	1	0
					51.8092	27.4566	-12.5249
				}
				{VolumeView "wheell1.ply"}
			}
			{bone revolute "wheell10"
				{parameters "ID=trackleft;"}
				{Matrix34
					1	0	0
					0	0	-1
					0	1	0
					-46.0218	24.8952	-15.5455
				}
				{VolumeView "wheell10.ply"}
			}
			{bone revolute "wheelr1"
				{parameters "ID=trackright;"}
				{Matrix34
					1	0	0
					0	0	-1
					0	1	0
					51.8092	-27.4592	-12.5249
				}
				{VolumeView "wheelr1.ply"}
			}
			{bone revolute "wheelr10"
				{parameters "ID=trackright;"}
				{Matrix34
					1	0	0
					0	0	-1
					0	1	0
					-46.0217	-24.8979	-15.5455
				}
				{VolumeView "wheelr10.ply"}
			}
			{bone "engine"
				{parameters "ID=engine;"}
				{animation
					{sequence "break" {file "engine_b.anm"} {speed 0.6}}
				}
				{Position -36.2575	0.0617349	9.27369}
				{VolumeView "engine.ply"}
			}
			{bone "cover1"
				{Position -14.5052	-5.69211	26.1562}
				{VolumeView "cover1.ply"}
			}
			{bone revolute "gun_rot2"
				{limits -10 10}
				{Position 33.6153	-5.49889	13.0214}
				{bone revolute "gun_rot"
					{parameters "ID=gun;"}
					{animation
						{sequence "break" {file "gun_b.anm"} {speed 0.6}}
					}
					{Matrix34
						1	-2.38568e-005	-0.000721455
						0.000721408	-0.00190872	0.999998
						-2.52338e-005	-0.999998	-0.0019087
						0.000627518	0.309202	-0.00212479
					}
					{VolumeView "gun_rot.ply"}
					{bone "gun"
						{parameters "ID=gun;"}
						{Matrix34
							-1	0	0
							0	0	1
							0	1	0
							12.0299	0.16222	0.302547
						}
						{VolumeView "gun.ply"}
					}
				}
			}
			{bone "cover2"
				{Matrix34
					0.999947	-0.00871634	-0.00552393
					0.00871853	0.999962	0.000372815
					0.00552047	-0.000420955	0.999985
					-19.059	6.15751	16.844
				}
				{VolumeView "cover2.ply"}
			}
			{bone "antena_1"
				{parameters "ID=body;"}
				{Position -17.6815	-17.7295	25.4728}
				{VolumeView "antena_1.ply"}
				{bone "antena_2"
					{parameters "ID=body;"}
					{Position 0	0	10.5231}
					{VolumeView "antena_2.ply"}
					{bone "antena_3"
						{parameters "ID=body;"}
						{Position 0.0168571	0	8.91084}
						{VolumeView "antena_3.ply"}
						{bone "antena_4"
							{parameters "ID=body;"}
							{Position 0.0099144	0	5.40749}
							{VolumeView "antena_4.ply"}
							{bone "antena_5"
								{parameters "ID=body;"}
								{Position 0.00514221	0	3.33867}
								{VolumeView "antena_5.ply"}
							}
						}
					}
				}
			}
			{bone revolute "dummy01"
				{limits -15 15}
				{Matrix34
					0.999962	-0.00872649	0
					0	0	1
					-0.00872649	-0.999962	0
					39.9681	-21.7609	9.6674
				}
				{bone revolute "mgun"
					{limits -15 15}
					{Matrix34
						1	0	0
						0	-0.00872713	0.999962
						0	-0.999962	-0.00872713
						0.0019455	-0.00870514	0.1231
					}
					{VolumeView "mgun.ply"}
				}
			}
			{bone "uklad1"
				{parameters "ID=body;"}
				{Position -19.7106	-22.084	36.9333}
				{VolumeView "uklad1.ply"}
				{bone "uklad2"
					{parameters "ID=body;"}
					{Position 24.086	0.031826	-0.153751}
					{VolumeView "uklad2.ply"}
				}
			}
			{bone "shieldr1"
				{parameters "ID=shieldR1;"}
				{Position 54.8304	-27.3206	-1.13843}
				{VolumeView "shieldr1.ply"}
			}
			{bone "shieldl1"
				{parameters "ID=shieldL1;"}
				{Position 54.7714	27.3206	-1.13914}
				{VolumeView "shieldl1.ply"}
			}
			{bone "shieldr6"
				{parameters "ID=shieldR6;"}
				{Position -54.8706	-26.7018	-9.69327}
				{VolumeView "shieldr6.ply"}
			}
			{bone "shieldr5"
				{parameters "ID=shieldR5;"}
				{Matrix34
					0.999962	0	-0.00872654
					0	1	0
					0.00872654	0	0.999962
					-39.3664	-33.5165	-4.29405
				}
				{VolumeView "shieldr5.ply"}
			}
			{bone "shieldr4"
				{parameters "ID=shieldR4;"}
				{Matrix34
					0.999848	0	-0.0174524
					0	1	0
					0.0174524	0	0.999848
					-14.9811	-33.4643	-2.96025
				}
				{VolumeView "shieldr4.ply"}
			}
			{bone "shieldr3"
				{parameters "ID=shieldR3;"}
				{Matrix34
					0.999962	0	-0.00872654
					0	1	0
					0.00872654	0	0.999962
					9.48407	-33.4643	-1.63923
				}
				{VolumeView "shieldr3.ply"}
			}
			{bone "shieldr2"
				{parameters "ID=shieldR2;"}
				{Matrix34
					0.999848	0	-0.0174524
					0	1	0
					0.0174524	0	0.999848
					35.2876	-33.4683	-0.406631
				}
				{VolumeView "shieldr2.ply"}
			}
			{bone "shieldl6"
				{parameters "ID=shieldR6;"}
				{Position -54.8706	26.7069	-9.69327}
				{VolumeView "shieldl6.ply"}
			}
			{bone "shieldl5"
				{parameters "ID=shieldR5;"}
				{Position -39.3664	33.5215	-4.29405}
				{VolumeView "shieldl5.ply"}
			}
			{bone "shieldl4"
				{parameters "ID=shieldR4;"}
				{Position -14.9811	33.4694	-2.96025}
				{VolumeView "shieldl4.ply"}
			}
			{bone "shieldl3"
				{parameters "ID=shieldR3;"}
				{Position 9.48409	33.4694	-1.63923}
				{VolumeView "shieldl3.ply"}
			}
			{bone "shieldl2"
				{parameters "ID=shieldR2;"}
				{Position 35.2876	33.4733	-0.406631}
				{VolumeView "shieldl2.ply"}
			}
		}
		{bone "wheelsl"
			{parameters "wheelsL;"}
			{animation
				{sequence "break" {file "trackL.anm"}}
			}
			{Position 5.85062	30.7715	0}
			{bone revolute "wheell9"
				{parameters "ID=trackleft;"}
				{Matrix34
					-0.85264	0	-0.522499
					-0.522499	0	0.85264
					0	1	0
					-40.1071	-3.68252	9.62205
				}
				{VolumeView "wheell9.ply"}
			}
			{bone revolute "wheell8"
				{parameters "ID=trackleft;"}
				{Matrix34
					-0.522498	0	0.85264
					0.85264	0	0.522498
					0	1	0
					-29.7699	-2.55293	9.62205
				}
				{VolumeView "wheell8.ply"}
			}
			{bone revolute "wheell7"
				{parameters "ID=trackleft;"}
				{Matrix34
					0.809017	0	-0.587785
					-0.587785	0	-0.809017
					0	1	0
					-19.9974	-3.68251	9.62205
				}
				{VolumeView "wheell9.ply"}
			}
			{bone revolute "wheell6"
				{parameters "ID=trackleft;"}
				{Matrix34
					-0.694658	0	-0.71934
					-0.71934	0	0.694658
					0	1	0
					-9.66023	-2.55291	9.62205
				}
				{VolumeView "wheell8.ply"}
			}
			{bone revolute "wheell5"
				{parameters "ID=trackleft;"}
				{Matrix34
					1	0	0
					0	0	-1
					0	1	0
					0.110593	-3.68247	9.62205
				}
				{VolumeView "wheell9.ply"}
			}
			{bone revolute "wheell4"
				{parameters "ID=trackleft;"}
				{Matrix34
					0.398749	0	0.91706
					0.91706	0	-0.398749
					0	1	0
					10.4477	-2.55287	9.62205
				}
				{VolumeView "wheell8.ply"}
			}
			{bone revolute "wheell2"
				{parameters "ID=trackleft;"}
				{Matrix34
					0.48481	0	-0.87462
					-0.87462	0	-0.48481
					0	1	0
					30.9529	-2.55284	9.62205
				}
				{VolumeView "wheell8.ply"}
			}
			{bone revolute "wheell3"
				{parameters "ID=trackleft;"}
				{Matrix34
					0.642788	0	-0.766045
					-0.766045	0	-0.642788
					0	1	0
					20.6158	-3.68246	9.62205
				}
				{VolumeView "wheell9.ply"}
			}
			{bone "trackl"
				{parameters "CommonMesh;ID=trackLeft;"}
				{Position -4.40341	-3.35312	11.8263}
				{VolumeView "trackl.ply"}
			}
		}
		{bone "wheelsr"
			{parameters "wheelsR;"}
			{animation
				{sequence "break" {file "trackR.anm"}}
			}
			{Position 5.85061	-29.9858	0}
			{bone revolute "wheelr8"
				{parameters "ID=trackright;"}
				{Matrix34
					-0.267238	0	-0.96363
					-0.96363	0	0.267238
					0	1	0
					-29.7722	1.55608	9.62205
				}
				{VolumeView "wheelr8.ply"}
			}
			{bone revolute "wheelr9"
				{parameters "ID=trackright;"}
				{Matrix34
					0.793353	0	0.608761
					0.608761	0	-0.793353
					0	1	0
					-40.1093	2.68567	9.62205
				}
				{VolumeView "wheelr9.ply"}
			}
			{bone revolute "wheelr6"
				{parameters "ID=trackright;"}
				{Matrix34
					0.669131	0	-0.743145
					-0.743145	0	-0.669131
					0	1	0
					-9.61386	1.55611	9.62205
				}
				{VolumeView "wheelr8.ply"}
			}
			{bone revolute "wheelr7"
				{parameters "ID=trackright;"}
				{Matrix34
					-0.615661	0	0.788011
					0.788011	0	0.615661
					0	1	0
					-19.951	2.68568	9.62205
				}
				{VolumeView "wheelr9.ply"}
			}
			{bone revolute "wheelr4"
				{parameters "ID=trackright;"}
				{Matrix34
					1	0	0
					0	0	-1
					0	1	0
					10.5423	1.55612	9.62205
				}
				{VolumeView "wheelr8.ply"}
			}
			{bone revolute "wheelr5"
				{parameters "ID=trackright;"}
				{Matrix34
					-0.430511	0	-0.902585
					-0.902585	0	0.430511
					0	1	0
					0.205128	2.68572	9.62205
				}
				{VolumeView "wheelr9.ply"}
			}
			{bone revolute "wheelr2"
				{parameters "ID=trackright;"}
				{Matrix34
					-0.0436193	0	0.999048
					0.999048	0	0.0436193
					0	1	0
					30.9532	1.55618	9.62205
				}
				{VolumeView "wheelr8.ply"}
			}
			{bone revolute "wheelr3"
				{parameters "ID=trackright;"}
				{Matrix34
					-0.99863	0	-0.0523359
					-0.0523359	0	0.99863
					0	1	0
					20.616	2.68573	9.62205
				}
				{VolumeView "wheelr9.ply"}
			}
			{bone "trackr"
				{parameters "CommonMesh;ID=trackRight;"}
				{Position -4.40319	2.30826	11.8263}
				{VolumeView "trackr.ply"}
			}
		}
	}
}
