;Exported by: Артем
;Date:        Mon Aug 12 15:24:13 2013
;File:        D:\Autodesk\Low poly\freelance\DMS\Tanks\PzVI Ausf. E\PzVI Ausf. E_xx.max
{Skeleton
	{bone "basis"
		{Orientation
			1	0	0
			0	-1	0
			0	0	1
		}
		{bone "body"
			{parameters "ID=body;"}
			{Matrix34
				0.99863	-0.00228283	-0.0522862
				0	0.999048	-0.0436194
				0.052336	0.0435596	0.997679
				-1.72804	0.0873568	25.6061
			}
			{VolumeView "body.ply"}
			{bone revolute "turret"
				{parameters "ID=turret;"}
				{speed 0.01}
				{Matrix34
					0.979589	-0.1993	-0.0261769
					0.199368	0.979925	0
					0.0256515	-0.00521884	0.999657
					-2.19974	-0.204059	19.2143
				}
				{VolumeView "turret.ply"}
				{bone revolute "gun_rot"
					{parameters "ID=gun;"}
					{limits -10 15}
					{speed 0.01}
					{Matrix34
						0.996195	0	-0.0871556
						0.0871558	0	0.996195
						0	-1	0
						23.3514	0.850747	-2.86171
					}
					{VolumeView "gun_rot.ply"}
					{bone "gun1"
						{parameters "ID=gun;"}
						{Matrix34
							1	0	0
							0	0	-1
							0	1	0
							37.5917	0.0617943	0.907897
						}
						{VolumeView "gun1.ply"}
						{bone "gun"
							{parameters "ID=gun;"}
							{Position 0	0	0}
							{VolumeView "gun.ply"}
						}
					}
				}
				{bone revolute "turret_mgun"
					{limits -152 52}
					{speed 0.03}
					{Position -7.94671	10.56	9.40277}
					{VolumeView "turret_mgun.ply"}
					{bone "gunner2"
						{Matrix34
							0.988978	0.00863061	0.147809
							-0.0087266	0.999962	0
							-0.147804	-0.00128996	0.989016
							0.483223	-0.0759964	-20.2936
						}
					}
					{bone revolute "mgun_rot"
						{limits -20 40}
						{speed 0.03}
						{Matrix34
							0.996195	0	0.0871557
							-0.0871558	0	0.996195
							0	-1	0
							6.70427	-0.0191479	1.46239
						}
						{bone revolute "mgun2"
							{Matrix34
								0.995994	-0.0894258	0
								0.0894255	0.995994	0
								0	0	1
								-1.97237	1.14754	0.565117
							}
						}
					}
				}
				{bone "cover1"
					{Matrix34
						-0.772085	-0.618139	0.14761
						0.614683	-0.785336	-0.0735674
						0.161399	0.0339335	0.986306
						-6.39713	17.2868	9.68199
					}
					{VolumeView "cover1.ply"}
				}
				{bone "part6"
					{Matrix34
						-0.444961	-0.25397	-0.858784
						-0.261594	0.953982	-0.146584
						0.856492	0.159428	-0.490921
						2.27324	-13.3309	5.87366
					}
					{VolumeView "part6.ply"}
				}
			}
			{bone revolute "wheelr1"
				{parameters "ID=trackRight;Radius=0.35;"}
				{Matrix34
					0.99893	-0.0336366	-0.0317346
					-0.0267425	0.139665	-0.989838
					-0.0377267	-0.989627	-0.138616
					51.6542	-27.107	-11.891
				}
				{VolumeView "wheelr1.ply"}
			}
			{bone revolute "part2"
				{parameters "ID=trackRight;Radius=0.25;"}
				{Matrix34
					1	0	0
					0	0	-1
					0	-1	0
					-46.2513	-27.5778	-14.5101
				}
				{VolumeView "part2.ply"}
			}
			{bone revolute "part5"
				{parameters "ID=trackleft;Radius=0.35;"}
				{Matrix34
					1	0	0
					0	0	-1
					0	1	0
					51.6362	27.1805	-11.5467
				}
				{VolumeView "part5.ply"}
			}
			{bone revolute "wheell10"
				{parameters "ID=trackleft;Radius=0.25;"}
				{Matrix34
					0.999973	-0.00728345	0.00050858
					-0.000508238	-0.138983	-0.990295
					0.00728382	0.990268	-0.138983
					-46.2129	27.3769	-15.243
				}
				{VolumeView "wheell10.ply"}
			}
			{bone "shieldl5"
				{parameters "ID=shieldL5;"}
				{Position -39.6709	33.6301	-2.71529}
				{VolumeView "shieldl5.ply"}
			}
			{bone "shieldr2"
				{parameters "ID=shieldR2;"}
				{Position 33.3609	-33.6796	1.02826}
				{VolumeView "shieldr2.ply"}
			}
			{bone "part3"
				{parameters "ID=body;"}
				{Position -15.2326	-33.6756	-1.47284}
				{VolumeView "part3.ply"}
			}
			{bone "part1"
				{parameters "ID=body;"}
				{Position -55.0929	-27.1112	-8.64975}
				{VolumeView "part1.ply"}
			}
			{bone "part7"
				{Matrix34
					0.993804	0.109941	0.0163319
					0.0820154	-0.626196	-0.77534
					-0.0750144	0.771876	-0.631333
					33.6639	22.3595	9.27431
				}
				{VolumeView "part7.ply"}
			}
			{bone revolute "mgun_rot2"
				{limits -15 15}
				{Position 45.4884	-11.0237	5.55939}
				{bone revolute "mgun"
					{limits -15 15}
					{Matrix34
						0.862234	-0.127023	-0.490324
						0.407072	-0.402266	0.820045
						-0.301405	-0.906668	-0.295139
						0	0	0
					}
					{VolumeView "mgun.ply"}
				}
			}
			{bone "engine"
				{parameters "ID=engine;"}
				{Matrix34
					0.96406	0.265669	-0.00294542
					-0.265499	0.96374	0.026748
					0.00994471	-0.0250046	0.999638
					-35.4346	2.28308	10.195
				}
				{VolumeView "engine.ply"}
			}
			{bone "shieldl1"
				{parameters "ID=shieldL1;"}
				{Position 53.4903	26.9298	0.667315}
				{VolumeView "shieldl1.ply"}
			}
		}
		{bone "wheelsl"
			{parameters "wheelsL;"}
			{Position 1.41333	27.8386	0}
			{bone revolute "wheell3"
				{parameters "ID=trackleft;Radius=0.35;"}
				{Matrix34
					1	0	0
					0	0.0610487	-0.998135
					0	0.998135	0.0610483
					25.1012	-0.749546	9.29584
				}
				{VolumeView "wheell3.ply"}
			}
			{bone revolute "wheell4"
				{parameters "ID=trackleft;Radius=0.35;"}
				{Matrix34
					0.996917	0.0784592	0
					-0.00547297	0.0695414	-0.997564
					-0.0782679	0.994489	0.0697564
					14.984	0.380077	9.29583
				}
				{VolumeView "wheell4.ply"}
			}
			{bone revolute "wheell7"
				{parameters "ID=trackleft;Radius=0.35;"}
				{Matrix34
					1	0	0
					0	0	-1
					0	1	0
					-15.4834	-0.749538	9.29584
				}
				{VolumeView "wheell3.ply"}
			}
			{bone revolute "wheell8"
				{parameters "ID=trackleft;Radius=0.35;"}
				{Matrix34
					1	0	0
					0	-0.130526	-0.991445
					0	0.991445	-0.130527
					-25.3244	0.380085	9.29583
				}
				{VolumeView "wheell4.ply"}
			}
			{bone revolute "wheell9"
				{parameters "ID=trackleft;Radius=0.35;"}
				{Matrix34
					0.99863	0.0523363	0
					0	0	-1
					-0.0523359	0.99863	0
					-35.328	-0.749538	9.29584
				}
				{VolumeView "wheell3.ply"}
			}
		}
		{bone "wheelsr"
			{parameters "wheelsR;"}
			{Position 1.41333	-28.1039	0}
			{bone revolute "wheelr2"
				{parameters "ID=trackRight;Radius=0.35;"}
				{Matrix34
					0.992828	-0.102759	0.0610969
					0.0615851	0.00158254	-0.998101
					-0.102467	-0.994705	-0.00789963
					35.4383	-0.0496559	9.29583
				}
				{VolumeView "wheelr2.ply"}
			}
			{bone revolute "part4"
				{parameters "ID=trackRight;Radius=0.35;"}
				{Matrix34
					0.996917	0.0784582	0
					0	0	-1
					0.0784584	-0.996917	0
					4.68591	1.07996	9.29584
				}
				{VolumeView "part4.ply"}
			}
			{bone revolute "wheelr4"
				{parameters "ID=trackRight;Radius=0.35;"}
				{Matrix34
					0.999777	0.0206927	0.00423813
					0.00322401	0.0487987	-0.998803
					0.0208748	-0.998594	-0.0487211
					15.023	-0.0496559	9.29583
				}
				{VolumeView "wheelr2.ply"}
			}
			{bone revolute "wheelr7"
				{parameters "ID=trackRight;Radius=0.35;"}
				{Matrix34
					0.998023	-0.0598892	-0.0190642
					-0.0116802	0.121308	-0.992546
					-0.0617553	-0.990807	-0.120369
					-15.4814	1.07996	9.29584
				}
				{VolumeView "part4.ply"}
			}
			{bone revolute "wheelr8"
				{parameters "ID=trackRight;Radius=0.35;"}
				{Matrix34
					1	0	0
					0	0.139173	-0.990268
					0	-0.990268	-0.139173
					-25.3287	-0.0496559	9.29583
				}
				{VolumeView "wheelr2.ply"}
			}
		}
	}
}
{Volume "body1"
	{Polyhedron "body1.vol"}
	{Bone "body"}
	{Position -4.48365	-0.505842	-16.2587}
}
{Volume "body2"
	{Polyhedron "body2.vol"}
	{Bone "body"}
	{Position -4.48365	-0.505842	-16.2587}
}
{Volume "crew"
	{Box 35.2795 34.164 15.1855}
	{Bone "body"}
	{Position 5.0272	-0.00792739	-1.45013}
}
{Volume "engine"
	{Polyhedron "engine.vol"}
	{Bone "engine"}
	{Matrix34
		0.963025	-0.2694	-0.00257835
		0.269242	0.962715	-0.0262451
		0.00955243	0.0245801	0.999652
		-1.82776	-2.07361	-7.89175
	}
}
{Volume "gun"
	{Cylinder 2.54078 79.3538}
	{Bone "gun_rot"}
	{Matrix34
		0	0	-1
		0	1	0
		1	0	0
		39.1726	0.0618045	0.907903
	}
}
{Volume "inventory"
	{Box 21.6687 19.9849 11.8177}
	{Bone "body"}
	{Position 3.24909	-0.00792764	-1.75288}
}
{Volume "mantlet"
	{Box 3.65212 31.48 11.0442}
	{Bone "gun_rot"}
	{Matrix34
		1	0	0
		0	0	-1
		0	1	0
		3.48067	0.145993	0
	}
}
{Volume "part1"
	{Box 9.75198 14.9099 0.660809}
	{Bone "part1"}
	{Matrix34
		0.730625	0.00359362	0.682769
		-0.0137557	0.99986	0.00945717
		-0.682639	-0.0163017	0.730573
		-0.07368	0.440874	0.804878
	}
}
{Volume "part2"
	{Cylinder 6.06776 4.5986}
	{Bone "part2"}
	{Matrix34
		0.99863	-0.0523357	0
		-0.0523335	-0.998592	0.0087269
		0.000457117	0.00871498	0.999962
		-0.00482358	-0.0922482	-0.731029
	}
}
{Volume "part3"
	{Box 24.1705 6.01752 0.513171}
	{Bone "part3"}
	{Matrix34
		0.998135	-0.00266291	0.0609906
		0.0323509	-0.824169	-0.565419
		-0.0517722	-0.566337	0.822546
		-4.12855e-005	0.105094	-0.0295682
	}
}
{Volume "part4"
	{Cylinder 8.06623 9.24613}
	{Bone "part4"}
	{Matrix34
		-1	0	0
		0	-1	0
		0	0	-1
		0	0	-0.0153518
	}
}
{Volume "part5"
	{Cylinder 9.03728 8.708}
	{Bone "part5"}
	{Matrix34
		0.99863	-0.0523361	0
		-0.0523362	-0.998629	0
		0	0	-1
		-0.00977788	-0.186704	-0.0544481
	}
}
{Volume "part6"
	{Box 7.62343 10.4243 1.28901}
	{Bone "part6"}
	{Position -4.61104	-0.127188	0.0545085}
}
{Volume "part7"
	{Cylinder 5.60984 1.50537}
	{Bone "part7"}
	{Position 0.0136795	-5.4162	0.38566}
}
{Volume "shieldl1"
	{Box 16.2079 16.8611 0.98799}
	{Bone "shieldl1"}
	{Matrix34
		0.983255	0	-0.182236
		0	1	0
		0.182235	0	0.983255
		-0.107742	0.0237824	0.0138164
	}
}
{Volume "shieldl5"
	{Box 24.1705 6.01752 0.513171}
	{Bone "shieldl5"}
	{Matrix34
		0.998135	0.00266273	0.0609906
		0.0323511	0.824169	-0.565419
		-0.0517722	0.566337	0.822546
		-0.0309956	-0.0644334	0.0367046
	}
}
{Volume "shieldr2"
	{Box 24.495 6.01752 0.513171}
	{Bone "shieldr2"}
	{Matrix34
		0.999048	-0.00266291	0.0435615
		0.022478	-0.824169	-0.565897
		-0.0374089	-0.566337	0.823324
		-0.120391	0.109088	0.0456303
	}
}
{Volume "trackleft"
	{Polyhedron "trackleft.vol"}
	{Bone "wheelsr"}
	{Matrix34
		-1	0	0
		0	0	1
		0	1	0
		0.0480182	-5.83006	12.5459
	}
}
{Volume "trackright"
	{Polyhedron "trackright.vol"}
	{Bone "wheelsl"}
	{Matrix34
		-1	0	0
		0	0	1
		0	1	0
		0.0480115	-5.95377	12.5459
	}
}
{Volume "turret1"
	{Polyhedron "turret1.vol"}
	{Bone "turret"}
	{Position -0.171	0	-14.2029}
}
{Volume "turret2"
	{Polyhedron "turret2.vol"}
	{Bone "turret"}
	{Position -24.2708	0	-7.2016}
}
