;Exported by: sasha
;Date:        Thu Oct 23 15:07:44 2008
;File:        D:\-Projects-\-3DWork-\-Vehicles-\japan\Chi-Ha\chi-ha_shinhoto_x.max
{Skeleton
	{bone revolute "basis"
		{parameters "WheelRadius=0.6;"}
		{Orientation
			1	0	0
			0	-1	0
			0	0	1
		}
		{bone "body"
			{parameters "ID=body;"}
			{animation
				{sequence "break" {file "body_b.anm"}}
			}
			{Position 6.15794	-0.505944	16.0116}
			{VolumeView "body.ply"}
			{bone revolute "wheell01"
				{parameters "ID=trackleft;Radius=0.75;"}
				{Matrix34
					-1	0	0
					0	0	1
					0	1	0
					41.6243	19.4188	-0.482832
				}
				{VolumeView "wheell01.ply"}
			}
			{bone revolute "wheell08"
				{parameters "ID=trackleft;Radius=0.55;"}
				{Matrix34
					-0.996837	-0.0794691	0
					0	0	1
					-0.0794691	0.996837	0
					-53.9594	18.1929	-3.92799
				}
				{VolumeView "wheell08.ply"}
			}
			{bone revolute "wheell09"
				{parameters "ID=trackleft;Radius=0.25;"}
				{Matrix34
					-1	0	0
					0	0	1
					0	1	0
					20.1857	19.4285	1.86912
				}
				{VolumeView "wheell09.ply"}
			}
			{bone revolute "wheell10"
				{parameters "ID=trackleft;Radius=0.15;"}
				{Matrix34
					-1	0	0
					0	0	1
					0	1	0
					-5.12257	18.5956	2.68819
				}
				{VolumeView "wheell10.ply"}
			}
			{bone revolute "wheell11"
				{parameters "ID=trackleft;Radius=0.25;"}
				{Matrix34
					-1	0	0
					0	0	1
					0	1	0
					-31.4678	19.4285	1.56257
				}
				{VolumeView "wheell09.ply"}
			}
			{bone revolute "wheelr01"
				{parameters "ID=trackright;Radius=0.75;"}
				{Matrix34
					-1	0	0
					0	0	1
					0	1	0
					41.6243	-19.5122	-0.48283
				}
				{VolumeView "wheelr01.ply"}
			}
			{bone revolute "wheelr09"
				{parameters "ID=trackright;Radius=0.25;"}
				{Matrix34
					-1	0	0
					0	0	1
					0	1	0
					20.1857	-19.522	1.86912
				}
				{VolumeView "wheelr09.ply"}
			}
			{bone revolute "wheelr10"
				{parameters "ID=trackright;Radius=0.15;"}
				{Matrix34
					-1	0	0
					0	0	1
					0	1	0
					-5.12257	-18.6891	2.68819
				}
				{VolumeView "wheelr10.ply"}
			}
			{bone revolute "wheelr11"
				{parameters "ID=trackright;Radius=0.25;"}
				{Matrix34
					-1	0	0
					0	0	1
					0	1	0
					-31.4772	-19.522	1.55382
				}
				{VolumeView "wheelr09.ply"}
			}
			{bone revolute "wheelr08"
				{parameters "ID=trackright;Radius=0.55;"}
				{Matrix34
					-0.986689	0.162618	0
					0	0	1
					0.162618	0.986689	0
					-53.9594	-18.2863	-3.92799
				}
				{VolumeView "wheelr08.ply"}
			}
			{bone "engine"
				{parameters "ID=engine;"}
				{animation
					{sequence "break" {file "engine_b.anm"} {speed 1}}
				}
				{Position -29.4788	0.0317888	7.85315}
				{VolumeView "engine.ply"}
				{bone "engina"
					{parameters "CommonMesh;ID=engine;"}
					{VolumeView "engina.ply"}
				}
				{bone "detail1"
					{parameters "ID=body;"}
					{Position 1.56981	21.5488	-1.00983}
					{VolumeView "detail1.ply"}
				}
				{bone "detail4"
					{parameters "ID=engine;"}
					{Position -28.3916	-0.309587	-4.43848}
					{VolumeView "detail4.ply"}
				}
				{bone "detail3"
					{parameters "ID=engine;"}
					{Position -24.7283	0.0947905	-15.06}
					{VolumeView "detail3.ply"}
				}
			}
			{bone "wings"
				{parameters "ID=body;"}
				{Position 27.5711	0.0399389	5.40444}
				{VolumeView "wings.ply"}
			}
			{bone socket "mgun"
				{parameters "ID=body;"}
				{limits 17}
				{terminator}
				{Matrix34
					0	0	-1
					0	1	0
					1	0	0
					18.5427	8.32267	8.4205
				}
				{VolumeView "mgun.ply"}
			}
			{bone revolute "turret"
				{parameters "ID=turret;"}
				;{animation
				;	{sequence "break" {file "turret_b.anm"}}
				;}
				{Position 1.24362	-2.74467	21.9305}
				{VolumeView "turret.ply"}
				{bone revolute "gun_rot"
					{parameters "ID=gun;"}
					;{animation
					;	{sequence "break" {file "gun_b.anm"}}
					;}
					{limits -18 25}
					{speed 0.013}
					{Matrix34
						1	0	0
						0	0	1
						0	-1	0
						14.5731	1.7123	-4.72763
					}
					{VolumeView "gun_rot.ply"}
					{bone "gun"
						{parameters "ID=gun;"}
						{Matrix34
							1	0	0
							0	0	-1
							0	1	0
							20.3979	1.35532	1.60765
						}
						{VolumeView "gun.ply"}
					}
				}
				{bone revolute "turret_mgun"
					{parameters "ID=turret;"}
					{speed 0.05}
					{Position -1.8888	-4.14512	5.46244}
					{VolumeView "turret_mgun.ply"}
					{bone revolute "mgun_rot"
						{limits -20 10}
						{speed 0.03}
						{Matrix34
							1	0	0
							0	0	1
							0	-1	0
							7.57392	0.0305443	2.14397
						}
						{bone "mgun03"
							{Position 8.93031	1.02597	-0.284052}
						}
					}
				}
				{bone "cover01"
					{parameters "ID=turret;"}
					{Position -7.82206	-4.16092	6.60535}
					{VolumeView "cover01.ply"}
				}
				{bone "cover02"
					{parameters "ID=turret;"}
					{Position 3.99118	-4.16092	6.21714}
					{VolumeView "cover02.ply"}
				}
				{bone revolute "mgun3"
					{parameters "ID=turret;"}
					{limits -15 15}
					{speed 0.013}
					{Matrix34
						-1	0	0
						0	0	1
						0	1	0
						-23.0902	5.36779	-2.95754
					}
					{VolumeView "mgun3.ply"}
				}
				{bone "detail7"
					{parameters "ID=turret;"}
					{Position 6.64291	-10.3876	-3.69921}
					{VolumeView "detail7.ply"}
				}
			}
			{bone "detail2"
				{parameters "ID=body;"}
				{Position 46.5701	-0.0334177	-2.31313}
				{VolumeView "detail2.ply"}
			}
			{bone "detail5"
				{parameters "ID=body;"}
				{Position -32.5309	-21.2913	8.77243}
				{VolumeView "detail5.ply"}
			}
		}
		{bone "wheelsl"
			{parameters "ID=trackleft;"}
			{animation
				{sequence "break" {file "trackleft_b.anm"}}
			}
			{Position 0.433623	18.1428	9.71582}
			{VolumeView "wheelsl.ply"}
			{bone "trackl"
				{parameters "CommonMesh;ID=trackleft;"}
				{Matrix34
					1	0	0
					0	0	1
					0	-1	0
					3.42169	0.778572	4.89038
				}
				{VolumeView "trackl.ply"}
			}
			{bone revolute "wheell02"
				{parameters "ID=trackleft;"}
				{Matrix34
					-0.982326	-0.187176	0
					0	0	1
					-0.187176	0.982326	0
					33.6439	0.794966	-3.23104
				}
				{VolumeView "wheell02.ply"}
			}
			{bone revolute "wheell03"
				{parameters "ID=trackleft;"}
				{Matrix34
					-0.990152	0.139995	0
					0.0189228	0.133837	0.990823
					0.13871	0.981065	-0.135168
					19.534	0.794968	-3.23104
				}
				{VolumeView "wheell02.ply"}
			}
			{bone revolute "wheell04"
				{parameters "ID=trackleft;"}
				{Matrix34
					-0.981687	-0.190502	0
					0	0	1
					-0.190502	0.981687	0
					6.41867	0.794968	-3.23104
				}
				{VolumeView "wheell02.ply"}
			}
			{bone revolute "wheell05"
				{parameters "ID=trackleft;"}
				{Matrix34
					-0.975871	0.218348	0
					-0.0397958	-0.17786	0.983251
					0.214691	0.959526	0.182258
					-6.64173	0.794968	-3.23104
				}
				{VolumeView "wheell02.ply"}
			}
			{bone revolute "wheell06"
				{parameters "ID=trackleft;"}
				{Matrix34
					-0.941296	0.334691	-0.0440808
					0	0.130578	0.991438
					0.337582	0.933237	-0.122912
					-19.4282	0.794968	-3.23105
				}
				{VolumeView "wheell02.ply"}
			}
			{bone revolute "wheell07"
				{parameters "ID=trackleft;"}
				{Matrix34
					-0.99065	0.131368	-0.0368067
					-0.0272849	0.0735603	0.996918
					0.133671	0.988601	-0.0692882
					-33.537	0.794968	-3.23104
				}
				{VolumeView "wheell02.ply"}
			}
		}
		{bone "wheelsr"
			{parameters "ID=trackright;"}
			{animation
				{sequence "break" {file "trackright_b.anm"}}
			}
			{Position 0.433623	-19.0863	9.71582}
			{VolumeView "wheelsr.ply"}
			{bone "trackr"
				{parameters "CommonMesh;ID=trackright;"}
				{Position 3.42169	-0.331886	4.89038}
				{VolumeView "trackr.ply"}
			}
			{bone revolute "wheelr02"
				{parameters "ID=trackright;"}
				{Matrix34
					-0.973809	0.227367	0
					0.0396718	0.169914	0.98466
					0.223879	0.958871	-0.174484
					33.6439	-0.956804	-3.23104
				}
				{VolumeView "wheelr02.ply"}
			}
			{bone revolute "wheelr03"
				{parameters "ID=trackright;"}
				{Matrix34
					-0.949233	-0.312617	-0.0350331
					0	-0.111367	0.993779
					-0.314574	0.943328	0.105713
					19.5154	-0.956797	-3.23104
				}
				{VolumeView "wheelr02.ply"}
			}
			{bone revolute "wheelr04"
				{parameters "ID=trackright;"}
				{Matrix34
					-0.962407	-0.27161	0
					-0.0443268	0.157065	0.986593
					-0.267969	0.949504	-0.1632
					6.41478	-0.956797	-3.23104
				}
				{VolumeView "wheelr02.ply"}
			}
			{bone revolute "wheelr05"
				{parameters "ID=trackright;"}
				{Matrix34
					-0.980801	0.19501	0
					-0.0321638	-0.161768	0.986305
					0.192339	0.967369	0.164934
					-6.6714	-0.956797	-3.23104
				}
				{VolumeView "wheelr02.ply"}
			}
			{bone revolute "wheelr06"
				{parameters "ID=trackright;"}
				{Matrix34
					-0.936643	0.342674	-0.0726318
					0	0.20735	0.978267
					0.350286	0.916286	-0.194212
					-19.4537	-0.956797	-3.23104
				}
				{VolumeView "wheelr02.ply"}
			}
			{bone revolute "wheelr07"
				{parameters "ID=trackright;"}
				{Matrix34
					-1	0	0
					0	0.243152	0.969988
					0	0.969988	-0.243152
					-33.5458	-0.956797	-3.23104
				}
				{VolumeView "wheelr02.ply"}
			}
		}
	}
}
