;Exported by: sasha
;Date:        Mon Oct 06 16:54:47 2008
;File:        D:\-Projects-\-3DWork-\-Vehicles-\japan\Chi-To\chi-to_x.max
{Skeleton
	{bone "basis"
		{parameters "Wheelradius=0.6;"}
		{Orientation
			1	0	0
			0	-1	0
			0	0	1
		}
		{bone "body"
			{parameters "ID=body;"}
			{animation
				{sequence "break" {file "body_b.anm"}}
			}
			{Position 0.475418	0.0200768	21.2147}
			{VolumeView "body.ply"}
			{bone revolute "turret"
				{parameters "ID=turret;"}
				;{animation
				;	{sequence "break" {file "turret_b.anm"}}
				;}
				{speed 0.015}
				{Position 6.61564	0	13.5524}
				{VolumeView "turret.ply"}
				{bone revolute "gun_rot"
					{parameters "ID=gun;"}
					;{animation
					;	{sequence "break" {file "gun_b.anm"}}
					;}
					{limits -7 30}
					{speed 0.016}
					{Matrix34
						1	0	0
						0	0	1
						0	-1	0
						21.0943	0.494977	7.28748
					}
					{VolumeView "gun_rot.ply"}
					{bone "gun"
						{parameters "ID=gun;"}
						{Matrix34
							0	-1	0
							0	0	-1
							1	0	0
							0.997715	0.145321	0.196349
						}
						{VolumeView "gun.ply"}
					}
				}
				{bone "cover1"
					{parameters "ID=turret;"}
					{Matrix34
						0.999999	0	-0.00174521
						0	1	0
						0.00174521	0	0.999999
						5.59858	-7.42456	20.3161
					}
					{VolumeView "cover1.ply"}
				}
				{bone "cover2"
					{parameters "ID=turret;"}
					{Position -5.58778	-7.42456	20.3166}
					{VolumeView "cover2.ply"}
				}
				{bone revolute "turret_mgun"
					{parameters "ID=turret;"}
					{speed 0.05}
					{Position 0	-7.42997	17.7603}
					{VolumeView "turret_mgun.ply"}
					{bone revolute "mgun_rot"
						{limits -20 10}
						{speed 0.03}
						{Matrix34
							1	0	0
							0	0	1
							0	-1	0
							6.7099	0.0208435	4.41196
						}
						{bone "mgun2"
							{Position -0.588397	0.349884	-0.977554}
						}
					}
				}
			}
			{bone socket "mgun"
				{parameters "ID=body;"}
				{limits 30}
				{terminator}
				{Matrix34
					0	0	-1
					0	1	0
					1	0	0
					38.2239	8.46289	7.91431
				}
				{VolumeView "mgun.ply"}
			}
			{bone revolute "wheell01"
				{parameters "ID=trackleft;Radius=0.7;"}
				{Matrix34
					-1	0	0
					0	0	1
					0	1	0
					56.9094	22.9174	-3.34769
				}
				{VolumeView "wheell01.ply"}
			}
			{bone revolute "wheell09"
				{parameters "ID=trackleft;Radius=0.65;"}
				{Matrix34
					-0.993537	0.113506	0
					0	0	1
					0.113506	0.993537	0
					-55.8449	22.4642	-5.14175
				}
				{VolumeView "wheell09.ply"}
			}
			{bone revolute "wheell10"
				{parameters "ID=trackleft;"}
				{Matrix34
					-1	0	0
					0	0.16376	0.9865
					0	0.9865	-0.16376
					35.5244	22.5423	-1.1258
				}
				{VolumeView "wheell10.ply"}
			}
			{bone revolute "wheell11"
				{parameters "ID=trackleft;"}
				{Matrix34
					-1	0	0
					0	0.111092	0.99381
					0	0.99381	-0.111092
					-0.757844	22.749	-1.1258
				}
				{VolumeView "wheell10.ply"}
			}
			{bone revolute "wheell12"
				{parameters "ID=trackleft;"}
				{Matrix34
					-1	0	0
					0	0.132804	0.991142
					0	0.991142	-0.132804
					-31.2027	22.749	-1.49916
				}
				{VolumeView "wheell10.ply"}
			}
			{bone revolute "wheelr10"
				{parameters "ID=trackright;"}
				{Matrix34
					0.977353	0.211614	0
					0	0	-1
					-0.211614	0.977353	0
					35.5094	-21.928	-1.12581
				}
				{VolumeView "wheelr10.ply"}
			}
			{bone revolute "wheelr11"
				{parameters "ID=trackright;"}
				{Matrix34
					0.988966	0.148139	0
					0	0	-1
					-0.148139	0.988966	0
					-0.74983	-21.928	-1.12581
				}
				{VolumeView "wheelr10.ply"}
			}
			{bone revolute "wheelr12"
				{parameters "ID=trackright;"}
				{Matrix34
					0.990194	-0.139699	0
					0	0	-1
					0.139699	0.990194	0
					-31.2021	-21.928	-1.51041
				}
				{VolumeView "wheelr10.ply"}
			}
			{bone revolute "wheelr01"
				{parameters "ID=trackright;Radius=0.7;"}
				{Matrix34
					1	0	0
					0	0	-1
					0	1	0
					56.9094	-22.8675	-3.34772
				}
				{VolumeView "wheelr01.ply"}
			}
			{bone revolute "wheelr09"
				{parameters "ID=trackright;Radius=0.65;"}
				{Matrix34
					1	0	0
					0	0	-1
					0	1	0
					-55.8449	-22.5354	-5.14176
				}
				{VolumeView "wheelr09.ply"}
			}
			{bone "engine"
				{parameters "CommonMesh;ID=engine;"}
				{animation
					{sequence "break" {file "engine_b.anm"} {speed 1}}
				}
				{Position -39.3701	0	9.84252}
				{VolumeView "engine.ply"}
				{bone "antena"
					{parameters "ID=engine;"}
					{Position 15.7959	23.5735	5.42423}
					{VolumeView "antena.ply"}
				}
				{bone "detail1"
					{parameters "ID=engine;"}
					{Matrix34
						0.989913	0.0820846	-0.115474
						-0.0752652	0.99522	0.0622321
						0.12003	-0.0529133	0.991359
						11.8217	23.8547	-1.20804
					}
					{VolumeView "detail1.ply"}
				}
				{bone "detail2"
					{parameters "ID=engine;"}
					{Position 3.89484	-23.6116	-1.26229}
					{VolumeView "detail2.ply"}
				}
			}
		}
		{bone "wheelsl"
			{parameters "ID=trackleft;"}
			{animation
				{sequence "break" {file "trackleft_b.anm"}}
			}
			{Position 0.564568	17.9054	12.5376}
			{VolumeView "wheelsl.ply"}
			{bone revolute "wheell02"
				{parameters "ID=trackleft;"}
				{Matrix34
					-0.991651	-0.128954	0
					0	0	1
					-0.128954	0.991651	0
					43.5633	4.47515	-5.04242
				}
				{VolumeView "wheell02.ply"}
			}
			{bone revolute "wheell03"
				{parameters "ID=trackleft;"}
				{Matrix34
					-0.993726	0.111838	0
					0	0	1
					0.111838	0.993726	0
					26.449	4.47515	-5.07054
				}
				{VolumeView "wheell02.ply"}
			}
			{bone revolute "wheell04"
				{parameters "ID=trackleft;"}
				{Matrix34
					-1	0	0
					0	-0.0632405	0.997998
					0	0.997998	0.0632405
					13.6898	4.47515	-5.07054
				}
				{VolumeView "wheell02.ply"}
			}
			{bone revolute "wheell05"
				{parameters "ID=trackleft;"}
				{Matrix34
					-1	0	0
					0	-0.136879	0.990588
					0	0.990588	0.136879
					-2.84212	4.47515	-5.07054
				}
				{VolumeView "wheell02.ply"}
			}
			{bone revolute "wheell06"
				{parameters "ID=trackleft;"}
				{Matrix34
					-0.974529	-0.224261	0
					0	0	1
					-0.224261	0.974529	0
					-15.8118	4.47515	-5.07054
				}
				{VolumeView "wheell02.ply"}
			}
			{bone revolute "wheell07"
				{parameters "ID=trackleft;"}
				{Matrix34
					-0.961436	0.275029	0
					0	0	1
					0.275029	0.961436	0
					-27.8216	4.47515	-5.07054
				}
				{VolumeView "wheell02.ply"}
			}
			{bone revolute "wheell08"
				{parameters "ID=trackleft;"}
				{Matrix34
					-0.966928	-0.25505	0
					0	0	1
					-0.25505	0.966928	0
					-43.4484	4.47515	-5.07054
				}
				{VolumeView "wheell02.ply"}
			}
			{bone "trackl"
				{parameters "CommonMesh;ID=trackleft;"}
				{Matrix34
					1	0	0
					0	0	1
					0	-1	0
					0.115049	4.64865	0.0494709
				}
				{VolumeView "trackl.ply"}
			}
		}
		{bone "wheelsr"
			{parameters "ID=trackright;"}
			{animation
				{sequence "break" {file "trackright_b.anm"}}
			}
			{Position 0.56456	-17.9054	12.5376}
			{VolumeView "wheelsr.ply"}
			{bone revolute "wheelr02"
				{parameters "ID=trackright;"}
				{Matrix34
					1	0	0
					0	0.0956898	-0.995411
					0	0.995411	0.0956898
					43.5633	-4.50616	-5.04242
				}
				{VolumeView "wheelr02.ply"}
			}
			{bone revolute "wheelr03"
				{parameters "ID=trackright;"}
				{Matrix34
					0.995858	0.0909273	0
					0.00956551	-0.104764	-0.994451
					-0.0904228	0.990332	-0.1052
					26.4491	-4.50616	-5.06617
				}
				{VolumeView "wheelr02.ply"}
			}
			{bone revolute "wheelr04"
				{parameters "ID=trackright;"}
				{Matrix34
					0.990144	-0.140056	0
					0	0	-1
					0.140056	0.990144	0
					13.6874	-4.50616	-5.06542
				}
				{VolumeView "wheelr02.ply"}
			}
			{bone revolute "wheelr05"
				{parameters "ID=trackright;"}
				{Matrix34
					0.949154	0.313844	-0.0246848
					0	-0.0784108	-0.996921
					-0.314813	0.946231	-0.0744239
					-2.83916	-4.50616	-5.06542
				}
				{VolumeView "wheelr02.ply"}
			}
			{bone revolute "wheelr06"
				{parameters "ID=trackright;"}
				{Matrix34
					0.958248	-0.285219	0.0202814
					0	-0.0709288	-0.997481
					0.28594	0.955834	-0.0679674
					-15.811	-4.50616	-5.06542
				}
				{VolumeView "wheelr02.ply"}
			}
			{bone revolute "wheelr07"
				{parameters "ID=trackright;"}
				{Matrix34
					0.96318	0.24646	-0.107429
					-0.110458	-0.00154431	-0.99388
					-0.245117	0.969152	0.0257361
					-27.8209	-4.50616	-5.06542
				}
				{VolumeView "wheelr02.ply"}
			}
			{bone revolute "wheelr08"
				{parameters "ID=trackright;"}
				{Matrix34
					0.96735	0.253443	0
					0	0	-1
					-0.253443	0.96735	0
					-43.4588	-4.50616	-5.06542
				}
				{VolumeView "wheelr02.ply"}
			}
			{bone "trackr"
				{parameters "CommonMesh;ID=trackright;"}
				{Matrix34
					1	0	0
					0	0	1
					0	-1	0
					0.115056	-4.77428	0.0494728
				}
				{VolumeView "trackr.ply"}
			}
		}
	}
}
