;Exported by: Артем
;Date:        Mon Mar 31 11:03:50 2014
;File:        D:\Autodesk\Low poly\freelance\DMS\Vehicles\sdkfz 222 223\222\export\Sdkfz 222_xx.max
{Skeleton
	{bone "basis"
		{Orientation
			1	0	0
			0	-1	0
			0	0	1
		}
		{bone "body"
			{parameters "ID=body;"}
			{Matrix34
				0.999048	-0.00114142	-0.0435985
				-0.00152204	0.998136	-0.0610084
				0.0435869	0.0610167	0.997185
				-0.0281734	-0.0580902	12.4958
			}
			{VolumeView "body.ply"}
			{bone "part3"
				{Matrix34
					0.350207	-0.769148	-0.534572
					0	-0.570714	0.821149
					-0.936672	-0.287573	-0.199868
					7.05471	-12.9023	3.8454
				}
				{VolumeView "part3.ply"}
			}
			{bone "doorleft"
				{Matrix34
					-0.104528	0.816651	-0.567587
					0	0.570714	0.821149
					0.994522	0.0858331	-0.0596558
					7.0547	12.9784	3.84538
				}
				{VolumeView "doorleft.ply"}
			}
			{bone "bucket"
				{parameters "ID=body;"}
				{Matrix34
					0.819304	-0.0840722	0.567162
					-0.00683717	0.987688	0.156285
					-0.573319	-0.131923	0.808642
					41.8783	0.120031	-3.86841
				}
				{VolumeView "bucket.ply"}
			}
			{bone revolute "turret"
				{parameters "ID=turret;"}
				{speed 0.01}
				{Matrix34
					0.973507	-0.226405	-0.0320041
					0.220516	0.966622	-0.130438
					0.0604677	0.119925	0.99094
					-6.99863	-3.24492	17.3344
				}
				{VolumeView "turret.ply"}
				{bone revolute "gun_rot"
					{limits -5 50}
					{speed 0.015}
					{Matrix34
						0.993635	0.00150032	-0.112643
						0.111328	0.139787	0.983903
						0.0172222	-0.990181	0.13873
						-2.58478	0.0980473	4.83935
					}
					{VolumeView "gun_rot.ply"}
					{bone "gun"
						{Position 29.7227	0.0254898	0.0243053}
						{VolumeView "gun.ply"}
					}
				}
			}
			{bone "en1"
				{parameters "CommonMesh;ID=engine;"}
				{Position -36.0256	0.0281661	5.40602}
				{VolumeView "en1.ply"}
				{bone "part5"
					{Position 0	0	0}
					{VolumeView "part5.ply"}
				}
			}
			{bone "part4"
				{Matrix34
					-0.996195	0	-0.0871556
					0	1	0
					0.0871556	0	-0.996195
					-44.54	0.0234414	-0.608909
				}
				{VolumeView "part4.ply"}
			}
			{bone "part6"
				{parameters "ID=body;"}
				{Position -25.3647	-13.2957	2.37175}
				{VolumeView "part6.ply"}
			}
		}
		{bone "pivot_front"
			{Position 29.9394	0.00230484	7.65595}
			{bone revolute "steer_r"
				{Matrix34
					-1	0	0
					0	1	0
					0	0	-1
					0.0285339	-12.7921	0.484775
				}
				{bone revolute "wheelr1"
					{parameters "ID=wheelright1;Radius=0.33;"}
					{Matrix34
						-0.956305	0.292372	0
						-0.05077	-0.166061	0.984808
						0.28793	0.941776	0.173648
						0.0867844	-3.1675	0.0523138
					}
					{VolumeView "wheelr1.ply"}
				}
				{bone "wr"
					{Matrix34
						-1	0	0
						0	1	0
						0	0	-1
						2.28882e-005	-0.0296974	0
					}
					{VolumeView "wr.ply"}
				}
			}
			{bone revolute "steer_l"
				{Matrix34
					-1	0	0
					0	1	0
					0	0	-1
					0.0285416	12.7527	0.484778
				}
				{bone revolute "part1"
					{parameters "ID=wheelleft1;Radius=0.33;"}
					{Matrix34
						-1	0	0
						0	0.199368	0.979925
						0	0.979925	-0.199368
						0	3.14982	-0.000902176
					}
					{VolumeView "part1.ply"}
				}
				{bone "wl"
					{Matrix34
						-1	0	0
						0	1	0
						0	0	-1
						2.28882e-005	0.0260735	0
					}
					{VolumeView "wl.ply"}
				}
			}
		}
		{bone revolute "pivot_back"
			{Position -24.8216	0.0164028	7.6831}
			{bone revolute "part2"
				{parameters "ID=wheelright2;"}
				{Matrix34
					0.847159	-0.113203	-0.51914
					-0.522499	0	-0.85264
					0.0965215	0.993572	-0.0591491
					0.0960941	-15.9583	0.439814
				}
				{VolumeView "wheelr1.ply"}
			}
			{bone revolute "wheell2"
				{parameters "ID=wheelleft2;"}
				{Matrix34
					0.866025	0	-0.5
					-0.499524	0.0436192	-0.865201
					0.0218096	0.999048	0.0377753
					0.0671501	15.8838	0.457812
				}
				{VolumeView "part1.ply"}
			}
		}
	}
}
{Volume "body1"
	{Polyhedron "body1.vol"}
	{Bone "body"}
	{Position -2.40121	0.00677669	14.0879}
}
{Volume "body2"
	{Polyhedron "body2.vol"}
	{Bone "body"}
	{Position -1.87432	0.00677776	5.43798}
}
{Volume "body3"
	{Box 14.0358 3.52472 69.6574}
	{Bone "body"}
	{Matrix34
		0	-1	0
		0	0	1
		-1	0	0
		1.92962	0.0114356	-4.91861
	}
}
{Volume "engine"
	{Polyhedron "engine.vol"}
	{Bone "en1"}
	{Position -2.14662	-0.0374347	0.0199738}
}
{Volume "part1"
	{Cylinder 6.77559 4.65354}
	{Bone "part1"}
	{Matrix34
		-1	0	0
		0	-1	0
		0	0	1
		0	0	0.0266914
	}
}
{Volume "part3"
	{Box 12.7922 15.0122 3.16944}
	{Bone "part3"}
	{Position 6.59428	-0.249969	0.384415}
}
{Volume "part4"
	{Box 4.13679 15.843 11.331}
	{Bone "part4"}
	{Matrix34
		0.933581	0	-0.358368
		0	1	0
		0.358368	0	0.93358
		0.685734	0	5.53839
	}
}
{Volume "part5"
	{Box 12.3483 3.36716 3.8097}
	{Bone "part5"}
	{Matrix34
		0.774076	0.126129	-0.620402
		-0.0688686	0.990914	0.115528
		0.629336	-0.0467012	0.775729
		-0.691309	-9.62696	-8.9431
	}
}
{Volume "part6"
	{Box 24.2891 11.7184 10.0381}
	{Bone "part6"}
	{Position -0.194113	-0.338732	-0.868809}
}
{Volume "partt2"
	{Cylinder 6.77559 4.65415}
	{Bone "part2"}
	{Matrix34
		-1	0	0
		0	-1	0
		0	0	1
		0	0	-0.0269918
	}
}
{Volume "turret"
	{Polyhedron "turret.vol"}
	{Bone "turret"}
	{Position 0	0	0.659908}
}
{Volume "wheelleft2"
	{Cylinder 6.77559 4.65354}
	{Bone "wheell2"}
	{Matrix34
		-1	0	0
		0	-1	0
		0	0	1
		1.71661e-005	0	0.0266895
	}
}
{Volume "wheelright1"
	{Cylinder 6.77559 4.65415}
	{Bone "wheelr1"}
	{Matrix34
		-1	0	0
		0	-1	0
		0	0	1
		0	0	-0.0269918
	}
}
