;Exported by: doc
;Date:        Wed Sep 26 21:56:21 2018
;File:        Z:\work\0.KRIS\vehicles2\-stage2\sdkfz8\sdkfz8_xx_export.max
{Skeleton
	{bone "basis"
		{Orientation
			1	0	0
			0	-1	0
			0	0	1
		}
		{bone "pivot_front"
			{Position 63.3874	0.0328064	9.40149}
			{bone revolute "steer_l1"
				{Matrix34
					-1	0	0
					0	1	0
					0	0	-1
					0.097538	19.7181	0
				}
				{bone "ll"
					{parameters "ID=body;"}
					{Matrix34
						-1	0	0
						0	1	0
						0	0	-1
						64.5279	-19.732	-4.53113
					}
					{VolumeView "ll.ply"}
				}
			}
			{bone revolute "steer_r1"
				{Matrix34
					-1	0	0
					0	1	0
					0	0	-1
					0.0975456	-19.7837	0
				}
				{bone "rr"
					{parameters "ID=body;"}
					{Matrix34
						-1	0	0
						0	1	0
						0	0	-1
						64.5279	19.7698	-4.53113
					}
					{VolumeView "rr.ply"}
				}
			}
		}
		{bone "body"
			{parameters "ID=body;"}
			{Matrix34
				0.999727	0	-0.0233564
				-0.00218471	0.995616	-0.0935076
				0.023254	0.0935331	0.995345
				-1.043	0.0189285	13.9326
			}
			{VolumeView "body.ply"}
			{bone "detail1"
				{Position -15.9282	-5.11644	15.2231}
				{VolumeView "detail1.ply"}
			}
			{bone "detail2"
				{Position 12.3727	-0.0189286	-13.8969}
				{VolumeView "detail2.ply"}
			}
			{bone "detail3"
				{Position -15.9282	-5.11644	15.2231}
				{VolumeView "detail3.ply"}
			}
			{bone revolute "wheell2"
				{parameters "ID=trackleft;Radius=0.49;"}
				{Matrix34
					1	0	0
					0	0	-1
					0	1	0
					32.893	17.93	-1.64076
				}
				{VolumeView "wheell2.ply"}
			}
			{bone revolute "wheell9"
				{parameters "ID=trackleft;Radius=0.49;"}
				{Matrix34
					0.742666	-0.641758	-0.191297
					0.0642063	0.352584	-0.933575
					0.666577	0.681051	0.303057
					-47.5519	17.8732	-2.84175
				}
				{VolumeView "wheell9.ply"}
			}
			{bone revolute "wheelr2"
				{parameters "ID=trackright;Radius=0.45;"}
				{Matrix34
					0.956009	-0.291784	0.030143
					-0.163001	-0.613855	-0.772407
					0.24388	0.733515	-0.634412
					32.893	-17.9679	-1.64076
				}
				{VolumeView "wheelr2.ply"}
			}
			{bone revolute "wheelr9"
				{parameters "ID=trackright;Radius=0.49;"}
				{Matrix34
					0.974742	-0.223316	0.0028286
					-0.110976	-0.49531	-0.861599
					0.19381	0.839523	-0.507582
					-47.5518	-17.911	-2.84175
				}
				{VolumeView "wheelr9.ply"}
			}
			{bone revolute "steer_b"
				{Matrix34
					0.786161	0	0.618022
					0	-1	0
					0.618022	0	-0.786161
					29.5598	8.30935	23.2216
				}
				{bone "handwheel"
					{Position 0	0	0}
					{VolumeView "handwheel.ply"}
				}
			}
			{bone "engine"
				{parameters "ID=engine;"}
				{VolumeView "engine.ply"}
				{bone "part2"
					{parameters "ID=engine;"}
					{Matrix34
						0.988165	-0.0232238	0.151627
						-0.0964307	0.674683	0.731781
						-0.119295	-0.737742	0.664458
						60.6988	16.5011	17.5543
					}
					{VolumeView "part2.ply"}
				}
				{bone "part1"
					{parameters "ID=engine;"}
					{Matrix34
						0.951842	0.116839	0.283454
						0.120385	0.707852	-0.696027
						-0.281966	0.696631	0.659697
						61.3834	-15.6995	17.442
					}
					{VolumeView "part1.ply"}
				}
			}
			{bone revolute "gun_rot1"
				{parameters "ID=gun_rot1;"}
				{limits -15 15}
				{speed 0.003}
				{Matrix34
					0.996905	-0.0349686	0.0704158
					0.0399261	0.996729	-0.0702723
					-0.0677281	0.0728663	0.995039
					-15.9682	-0.0148582	9.90066
				}
				{VolumeView "gun_rot1.ply"}
				{bone revolute "gun_rot"
					{parameters "ID=gun_rot;"}
					{limits -3 42}
					{speed 0.003}
					{Matrix34
						0.985807	-0.02821	0.165495
						-0.165628	-0.00242192	0.986185
						-0.0274195	-0.999599	-0.00705992
						-13.5986	-0.00407004	27.0978
					}
					{VolumeView "gun_rot.ply"}
					{bone "gun"
						{parameters "ID=gun;"}
						{Matrix34
							1	0	0
							0	0	-1
							0	1	0
							37.2309	0.804764	0.256944
						}
						{VolumeView "gun.ply"}
					}
					{bone "cylinder"
						{Orientation
							1	0	0
							0	0	-1
							0	1	0
						}
					}
				}
				{bone "shield"
					{parameters "ID=shield;"}
					{VolumeView "shield.ply"}
					{bone "part3"
						{Position 1.99014	14.9816	25.0345}
						{VolumeView "part3.ply"}
					}
				}
			}
		}
		{bone "pivot_back"
			{Position -2.90602	0.0328064	7.57549}
		}
		{bone "wheelsr"
			{parameters "wheelsR;"}
			{Position -17.8472	-11.5309	10.5741}
			{VolumeView "wheelsr.ply"}
			{bone revolute "wheelr3"
				{parameters "ID=trackright;Radius=0.49;"}
				{Matrix34
					0.913934	0.372841	-0.160359
					-0.0702309	-0.243866	-0.967263
					-0.399741	0.895276	-0.196692
					30.9062	-6.62641	-0.380806
				}
				{VolumeView "wheelr3.ply"}
			}
			{bone revolute "wheelr5"
				{parameters "ID=trackright;Radius=0.49;"}
				{Matrix34
					0.987832	-0.155327	-0.00790335
					-0.086927	-0.509264	-0.856209
					0.128967	0.846477	-0.516569
					10.9514	-6.62641	-0.380807
				}
				{VolumeView "wheelr5.ply"}
			}
			{bone revolute "wheelr8"
				{parameters "ID=trackright;Radius=0.49;"}
				{Matrix34
					0.860344	0.497155	-0.112447
					-0.0997362	-0.0521471	-0.993647
					-0.49986	0.866093	0.00471994
					-19.1096	-6.35616	-0.380802
				}
				{VolumeView "wheelr8.ply"}
			}
		}
		{bone "wheelsl"
			{parameters "wheelsL;"}
			{Position -17.8432	11.5306	10.5743}
			{VolumeView "wheelsl.ply"}
			{bone revolute "wheell3"
				{parameters "ID=trackleft;Radius=0.49;"}
				{Matrix34
					1	0	0
					0	0.298536	-0.954399
					0	0.954399	0.298536
					30.9023	6.62666	-0.381039
				}
				{VolumeView "wheell3.ply"}
			}
			{bone revolute "wheell5"
				{parameters "ID=trackleft;Radius=0.49;"}
				{Matrix34
					0.872099	-0.48055	-0.0922805
					0.0130778	0.211407	-0.977311
					0.489155	0.851104	0.190653
					10.9474	6.62666	-0.38104
				}
				{VolumeView "wheell5.ply"}
			}
			{bone revolute "wheell7"
				{parameters "ID=trackleft;Radius=0.49;"}
				{Matrix34
					1	0	0
					0	0.280302	-0.959912
					0	0.959912	0.280302
					-8.99036	6.62666	-0.381037
				}
				{VolumeView "wheell7.ply"}
			}
			{bone revolute "wheell8"
				{parameters "ID=trackleft;Radius=0.49;"}
				{Matrix34
					0.910333	0.411345	-0.045703
					0.0424004	-0.202536	-0.978356
					-0.411699	0.888693	-0.201817
					-19.1135	6.35641	-0.381035
				}
				{VolumeView "wheell8.ply"}
			}
		}
	}
}
{Volume "body1"
	{Polyhedron "body1.vol"}
	{Bone "body"}
	{Position 24.1257	-0.0189288	14.5264}
}
{Volume "body2"
	{Polyhedron "body2.vol"}
	{Bone "body"}
	{Matrix34
		0.999749	-0.000185444	-0.0223954
		0.000380966	0.999962	0.00872654
		0.0223929	-0.00873288	0.999711
		18.4627	10.2531	29.8228
	}
}
{Volume "body3"
	{Polyhedron "body3.vol"}
	{Bone "body"}
	{Matrix34
		0.999749	-0.000185444	-0.0223954
		0.000380966	0.999962	0.00872654
		0.0223929	-0.00873288	0.999711
		32.9568	10.2083	25.4624
	}
}
{Volume "body4"
	{Polyhedron "body4.vol"}
	{Bone "body"}
	{Position -9.01961	-0.0189288	14.5264}
}
{Volume "engine"
	{Polyhedron "engine.vol"}
	{Bone "engine"}
	{Position 46.9981	-0.0189286	-13.9326}
}
{Volume "gun"
	{Polyhedron "gun.vol"}
	{Bone "gun"}
	{Matrix34
		1	0	0
		0	0	1
		0	-1	0
		5.83095	0.256961	-0.755573
	}
}
{Volume "inventory"
	{Box 6.80246 25.7144 5.00543}
	{Bone "body"}
	{Position -41.3274	0.133349	7.66331}
}
{Volume "part1"
	{Polyhedron "part1.vol"}
	{Bone "part1"}
	{Position 1.52588e-005	0	0}
}
{Volume "part2"
	{Polyhedron "part2.vol"}
	{Bone "part2"}
	{Position 0	0	0}
}
{Volume "part3"
	{Polyhedron "part3.vol"}
	{Bone "part3"}
	{Position 0	0	0}
}
{Volume "shield"
	{Polyhedron "shield.vol"}
	{Bone "shield"}
	{Matrix34
		0.906308	0	0.422618
		0	1	0
		-0.422618	0	0.906308
		14.9566	-0.00407004	8.24375
	}
}
{Volume "sticky"
	{Box 40.9977 41.5499 37.065}
	{Bone "body"}
	{Position -24.3093	-0.347589	27.7271}
}
