;Exported by: sasha
;Date:        Wed Nov 05 12:16:15 2008
;File:        D:\-Projects-\-3DWork-\-Vehicles-\japan\Ho-Ro\ho-ro.max
{Skeleton
	{animation
		{sequence "start"}
		{sequence "stop"}
		{sequence "fire"}
		{sequence "hit"}
	}
	{bone revolute "basis"
		{parameters "WheelRadius=0.6;"}
		{limits -0 0}
		{Orientation
			1	0	0
			0	-1	0
			0	0	1
		}
		{bone "emit1"
			{Matrix34
				0	1	0
				-1	0	0
				0	0	1
				-8.17258	-38.9623	-0.373224
			}
		}
		{bone "emit2"
			{Matrix34
				0	-1	0
				1	0	0
				0	0	1
				-8.17258	36.4168	-0.373226
			}
		}
		{bone "emit3"
			{Matrix34
				0	1	0
				-1	0	0
				0	0	1
				-27.0492	-38.9623	-0.373224
			}
		}
		{bone "emit4"
			{Matrix34
				0	-1	0
				1	0	0
				0	0	1
				-32.1899	36.5699	-0.373226
			}
		}
		{bone "body"
			{parameters "ID=body;"}
			{animation
				{sequence "repair" {file "body_r.anm"}}
			}
			{Position 6.15794	-0.505944	15.9726}
			{VolumeView "body.ply"}
			{bone "fxshot"
				{Matrix34
					0	0	1
					0	1	0
					-1	0	0
					-5.7667	1.04648	-14.114
				}
			}
			{bone "seat01"
				{Matrix34
					0.00174291	-0.99253	0.121985
					0.999898	0	-0.0142877
					0.014181	0.121998	0.992429
					-24.9863	-21.9529	3.28948
				}
			}
			{bone "seat02"
				{Matrix34
					0.00174291	-0.99253	0.121985
					0.999898	0	-0.0142877
					0.014181	0.121998	0.992429
					-36.886	-21.771	3.26175
				}
			}
			{bone "seat03"
				{Matrix34
					0.00180455	0.995396	0.0958291
					-0.999823	0	0.0188276
					0.0187409	-0.0958461	0.99522
					-36.1609	21.8395	3.36513
				}
			}
			{bone "seat04"
				{Matrix34
					0.00180455	0.995396	0.0958291
					-0.999823	0	0.0188276
					0.0187409	-0.0958461	0.99522
					-24.0038	21.8151	3.61085
				}
			}
			{bone "detail2"
				{parameters "ID=body;"}
				{Position 46.5701	-0.0334177	-2.31313}
				{VolumeView "detail2.ply"}
			}
			{bone "fxfire2"
				{Matrix34
					0	0	1
					-1	0	0
					0	-1	0
					0	0	0
				}
			}
			{bone "fxlight"
				{Matrix34
					1	0	0
					0	0	1
					0	-1	0
					43.6982	0.0498936	8.07963
				}
			}
			{bone revolute "wheell01"
				{parameters "ID=trackleft;Radius=0.75;"}
				{Matrix34
					-1	0	0
					0	0	1
					0	1	0
					41.6243	19.4188	-0.482832
				}
				{VolumeView "wheell01.ply"}
			}
			{bone revolute "wheell08"
				{parameters "ID=trackleft;Radius=0.55;"}
				{Matrix34
					-1	0	0
					0	0	1
					0	1	0
					-53.9594	18.1929	-3.92799
				}
				{VolumeView "wheell08.ply"}
			}
			{bone revolute "wheell09"
				{parameters "ID=trackleft;Radius=0.25;"}
				{Matrix34
					-1	0	0
					0	0	1
					0	1	0
					20.1857	19.4285	1.86911
				}
				{VolumeView "wheell09.ply"}
			}
			{bone revolute "wheell10"
				{parameters "ID=trackleft;Radius=0.15;"}
				{Matrix34
					-1	0	0
					0	0	1
					0	1	0
					-5.12257	18.5956	2.68819
				}
				{VolumeView "wheell10.ply"}
			}
			{bone revolute "wheell11"
				{parameters "ID=trackleft;Radius=0.25;"}
				{Matrix34
					-1	0	0
					0	0	1
					0	1	0
					-31.4678	19.4285	1.56257
				}
				{VolumeView "wheell09.ply"}
			}
			{bone revolute "wheelr01"
				{parameters "ID=trackright;Radius=0.75;"}
				{Matrix34
					-1	0	0
					0	0	1
					0	1	0
					41.6243	-19.5122	-0.48283
				}
				{VolumeView "wheelr01.ply"}
			}
			{bone revolute "wheelr09"
				{parameters "ID=trackright;Radius=0.25;"}
				{Matrix34
					-1	0	0
					0	0	1
					0	1	0
					20.1857	-19.522	1.86911
				}
				{VolumeView "wheelr09.ply"}
			}
			{bone revolute "wheelr10"
				{parameters "ID=trackright;Radius=0.15;"}
				{Matrix34
					-1	0	0
					0	0	1
					0	1	0
					-5.12257	-18.6891	2.68819
				}
				{VolumeView "wheelr10.ply"}
			}
			{bone revolute "wheelr11"
				{parameters "ID=trackright;Radius=0.25;"}
				{Matrix34
					-1	0	0
					0	0	1
					0	1	0
					-31.4772	-19.522	1.55382
				}
				{VolumeView "wheelr09.ply"}
			}
			{bone revolute "wheelr08"
				{parameters "ID=trackright;Radius=0.55;"}
				{Matrix34
					-1	0	0
					0	0	1
					0	1	0
					-53.9594	-18.2863	-3.92799
				}
				{VolumeView "wheelr08.ply"}
			}
			{bone "headlightr"
				{Matrix34
					1	0	0
					0	0	1
					0	-1	0
					43.6982	0.0498936	6.56894
				}
			}
			{bone "engine"
				{parameters "ID=engine;"}
				{Position -29.4788	0.0353918	7.85315}
				{VolumeView "engine.ply"}
				{bone "fxsmoke1"
					{Matrix34
						0	-1	0
						0	0	1
						-1	0	0
						-28.554	-20.3829	0.472794
					}
				}
				{bone "fxsmoke2"
					{Matrix34
						0	1	0
						0	0	1
						1	0	0
						-28.554	20.4293	0.472794
					}
				}
				{bone "fxfire1"
					{Matrix34
						0	0	1
						-1	0	0
						0	-1	0
						0	0	0
					}
				}
				{bone "engina"
					{parameters "ID=engine;"}
					{Position 0	0	0}
				}
				{bone "detail4"
					{parameters "ID=engine;"}
					{Position -23.3724	-0.309587	-4.30747}
					{VolumeView "detail4.ply"}
				}
				{bone "detail3"
					{parameters "ID=engine;"}
					{Position -24.7283	0.0947905	-15.06}
					{VolumeView "detail3.ply"}
				}
			}
			{bone "link2"
				{Matrix34
					-1	0	0
					0	0	1
					0	1	0
					-55.7746	0.049894	-2.00841
				}
			}
			{bone "detail5"
				{parameters "ID=body;"}
				{Position -32.5309	-21.2913	8.77243}
				{VolumeView "detail5.ply"}
			}
			{bone "enumerator"
				{Matrix34
					0.992588	-0.0939476	-0.0770857
					0.121525	0.767341	0.629618
					0	-0.63432	0.773071
					-4.32556	20.063	9.26145
				}
				{VolumeView "enumerator.ply"}
			}
			{bone "visor1"
				{Matrix34
					1	0	0
					0	0	1
					0	-1	0
					25.3103	-8.31193	8.4681
				}
			}
			{bone "detail6"
				{parameters "ID=body;"}
				{Position -28.1281	19.8003	8.57476}
				{VolumeView "detail6.ply"}
			}
			{bone "detail1"
				{parameters "ID=body;"}
				{Position -27.6756	-18.5615	6.84329}
				{VolumeView "detail1.ply"}
			}
			{bone "shield"
				{parameters "ID=shield;"}
				{Position 10.39	-0.00314999	15.1999}
				{VolumeView "shield.ply"}
			}
			{bone revolute "turret"
				{parameters "ID=gun;"}
				{limits -19 50}
				{speed 0.016}
				{Matrix34
					1	0	0
					0	0	1
					0	-1	0
					16.1279	0.561732	16.7764
				}
				{VolumeView "turret.ply"}
				{bone revolute "gun_rot"
					{parameters "ID=gun;"}
					;{animation
					;	{sequence "repair" {file "gun_r.anm"}}
					;}
					{limits -10 10}
					{speed 0.03}
					{Orientation
						1	0	0
						0	0	-1
						0	1	0
					}
					{VolumeView "gun_rot.ply"}
					{bone "gun"
						{parameters "ID=gun;"}
						{Position 2.47576	-0.677665	4.17299}
						{VolumeView "gun.ply"}
						{bone "foresight1"
							{Matrix34
								1	0	0
								0	0	1
								0	-1	0
								15.2527	0.186728	0.0107765
							}
						}
						{bone "fx_invers"
							{Matrix34
								-1	0	0
								0	0	1
								0	1	0
								-20.6116	0.186727	0.877892
							}
						}
					}
				}
			}
			{bone "gunner"
				{parameters "crew;"}
				{Matrix34
					0.949293	-0.314391	0
					0.314391	0.949293	0
					0	0	1
					-9.31969	7.50715	-0.609828
				}
			}
			{bone "commander"
				{parameters "crew;"}
				{Matrix34
					0.873563	0.486711	0
					-0.486711	0.873563	0
					0	0	1
					-8.01521	-9.75979	-2.89462
				}
			}
			{bone "seat05"
				{Matrix34
					-0.995396	0.0018045	0.0958291
					0	-0.999823	0.0188276
					0.0958461	0.0187409	0.99522
					-54.6044	6.24787	1.04733
				}
			}
			{bone "seat06"
				{Matrix34
					-0.995396	0.0018045	0.0958291
					0	-0.999823	0.0188276
					0.0958461	0.0187409	0.99522
					-54.6289	-5.11395	0.801621
				}
			}
		}
		{bone "wheelsl"
			{parameters "ID=trackleft;"}
			{Position 0.433623	18.1428	9.71582}
			{VolumeView "wheelsl.ply"}
			{bone "fxtracel1"
				{Matrix34
					-1	0	0
					0	-1	0
					0	0	1
					27.9053	0.776958	-6.64562
				}
			}
			{bone "fxtracel2"
				{Matrix34
					-0.960627	0	0.27784
					0	1	0
					-0.27784	0	-0.960627
					-39.7897	0.778215	-8.46241
				}
			}
			{bone "trackl"
				{parameters "ID=trackleft;"}
				{Matrix34
					1	0	0
					0	0	1
					0	-1	0
					3.42169	0.778572	4.89038
				}
				{VolumeView "trackl.ply"}
			}
			{bone revolute "wheell02"
				{parameters "ID=trackleft;"}
				{Matrix34
					-1	0	0
					0	0	1
					0	1	0
					33.6439	0.794966	-3.23104
				}
				{VolumeView "wheell02.ply"}
			}
			{bone revolute "wheell03"
				{parameters "ID=trackleft;"}
				{Matrix34
					-1	0	0
					0	0	1
					0	1	0
					19.534	0.794968	-3.23104
				}
				{VolumeView "wheell02.ply"}
			}
			{bone revolute "wheell04"
				{parameters "ID=trackleft;"}
				{Matrix34
					-1	0	0
					0	0	1
					0	1	0
					6.41867	0.794968	-3.23104
				}
				{VolumeView "wheell02.ply"}
			}
			{bone revolute "wheell05"
				{parameters "ID=trackleft;"}
				{Matrix34
					-1	0	0
					0	0	1
					0	1	0
					-6.64173	0.794968	-3.23104
				}
				{VolumeView "wheell02.ply"}
			}
			{bone revolute "wheell06"
				{parameters "ID=trackleft;"}
				{Matrix34
					-1	0	0
					0	0	1
					0	1	0
					-19.4282	0.794968	-3.23105
				}
				{VolumeView "wheell02.ply"}
			}
			{bone revolute "wheell07"
				{parameters "ID=trackleft;"}
				{Matrix34
					-1	0	0
					0	0	1
					0	1	0
					-33.537	0.794968	-3.23104
				}
				{VolumeView "wheell02.ply"}
			}
		}
		{bone "wheelsr"
			{parameters "ID=trackright;"}
			{Position 0.433623	-19.0863	9.71582}
			{VolumeView "wheelsr.ply"}
			{bone "trackr"
				{parameters "ID=trackright;"}
				{Position 3.42169	-0.331886	4.89038}
				{VolumeView "trackr.ply"}
			}
			{bone "fxtracer1"
				{Matrix34
					-1	0	0
					0	-1	0
					0	0	1
					27.9053	-0.906425	-6.64562
				}
			}
			{bone "fxtracer2"
				{Matrix34
					-0.960628	0	0.27784
					0	1	0
					-0.27784	0	-0.960627
					-39.7897	-0.865219	-8.46241
				}
			}
			{bone revolute "wheelr02"
				{parameters "ID=trackright;"}
				{Matrix34
					-1	0	0
					0	0	1
					0	1	0
					33.6439	-0.956804	-3.23104
				}
				{VolumeView "wheelr02.ply"}
			}
			{bone revolute "wheelr03"
				{parameters "ID=trackright;"}
				{Matrix34
					-1	0	0
					0	0	1
					0	1	0
					19.5154	-0.956797	-3.23104
				}
				{VolumeView "wheelr02.ply"}
			}
			{bone revolute "wheelr04"
				{parameters "ID=trackright;"}
				{Matrix34
					-1	0	0
					0	0	1
					0	1	0
					6.41478	-0.956797	-3.23104
				}
				{VolumeView "wheelr02.ply"}
			}
			{bone revolute "wheelr05"
				{parameters "ID=trackright;"}
				{Matrix34
					-1	0	0
					0	0	1
					0	1	0
					-6.6714	-0.956797	-3.23104
				}
				{VolumeView "wheelr02.ply"}
			}
			{bone revolute "wheelr06"
				{parameters "ID=trackright;"}
				{Matrix34
					-1	0	0
					0	0	1
					0	1	0
					-19.4537	-0.956797	-3.23104
				}
				{VolumeView "wheelr02.ply"}
			}
			{bone revolute "wheelr07"
				{parameters "ID=trackright;"}
				{Matrix34
					-1	0	0
					0	0	1
					0	1	0
					-33.5458	-0.956797	-3.23104
				}
				{VolumeView "wheelr02.ply"}
			}
		}
		{bone "emit6"
			{Position -65.3517	-7.72565	-0.373224}
		}
		{bone "emit5"
			{Position -65.3517	6.6128	-0.373224}
		}
	}
}
{Volume "body01"
	{Polyhedron "body01.vol"}
	{Bone "body"}
	{Position 16.8913	-0.908361	-10.2887}
}
{Volume "body02"
	{Polyhedron "body02.vol"}
	{Bone "body"}
	{Position 3.5349	-0.214017	6.60007}
}
{Volume "crew"
	{Box 32.6334 26.4468 13.0851}
	{Bone "body"}
	{Position 5.24554	-0.0208178	6.34332}
}
{Volume "engine01"
	{Polyhedron "engine01.vol"}
	{Bone "engine"}
	{Position -3.39635	-0.245809	-1.25308}
}
{Volume "engine02"
	{Box 11.2383 31.6173 17.9535}
	{Bone "engine"}
	{Position -18.7985	-0.940153	-9.16512}
}
{Volume "gun1"
	{Box 30.4103 5.40696 4.2794}
	{Bone "gun_rot"}
	{Position -1.82745	-0.560013	-0.496616}
}
{Volume "gun2"
	{Cylinder 2.3535 35.2836}
	{Bone "gun_rot"}
	{Matrix34
		0	0	-1
		0	1	0
		1	0	0
		-0.23324	-0.555158	4.25132
	}
}
{Volume "hole01"
	{Box 17.7916 31.0722 17.4468}
	{Bone "shield"}
	{Position -4.51524	-0.0176678	5.10561}
}
{Volume "inventory"
	{Box 25.7849 16.3538 7.32136}
	{Bone "engine"}
	{Matrix34
		0.998296	0	0.0583594
		0	1	0
		-0.0583594	0	0.998296
		-0.151969	0.167285	7.28725
	}
}
{Volume "ram"
	{Polyhedron "ram.vol"}
	{Bone "body"}
	{Position -5.99158	-0.0284414	-16.3884}
}
{Volume "shield"
	{Polyhedron "shield.vol"}
	{Bone "shield"}
	{Position 1.00579	-0.0292063	-9.41852}
}
{Volume "trackleft"
	{Box 109.219 22.528 6.14317}
	{Bone "wheelsl"}
	{Matrix34
		1	0	0
		0	0	1
		0	-1	0
		-0.493019	0.778588	1.18747
	}
}
{Volume "trackright"
	{Box 109.219 6.14317 22.528}
	{Bone "wheelsr"}
	{Position -0.493013	-0.944311	1.18747}
}
