;Exported by: Mauzer
;Date:        Tue Feb 09 16:23:41 2010
;File:        E:\Autodesk\Low poly\freelance\DMS\M10 Wolverine\m10 wolverine_xx.max
{Skeleton
	{bone "basis"
		{Orientation
			1	0	0
			0	-1	0
			0	0	1
		}
		{bone "wheelsl"
			{parameters "wheelsL;"}
			{Position 0.491949	20.2333	7.87997}
			{VolumeView "wheelsl.ply"}
			{bone revolute "wheell2"
				{parameters "ID=trackleft;Radius=0.35;"}
				{Matrix34
					0.998135	0.0607675	-0.00585125
					0	-0.0958459	-0.995396
					-0.0610485	0.99354	-0.0956672
					37.1708	-0.0160522	-0.957592
				}
				{VolumeView "wheell2.ply"}
			}
			{bone revolute "wheell4"
				{parameters "ID=trackleft;Radius=0.35;"}
				{Matrix34
					1	0	0
					0	0.113203	-0.993572
					0	0.993572	0.113203
					7.9508	0.0292301	-1.355
				}
				{VolumeView "wheell2.ply"}
			}
			{bone revolute "part4"
				{parameters "ID=trackleft;Radius=0.35;"}
				{Matrix34
					1	0	0
					0	0	-1
					0	1	0
					-8.24308	-0.0160446	-0.957592
				}
				{VolumeView "wheell2.ply"}
			}
			{bone revolute "wheell7"
				{parameters "ID=trackleft;Radius=0.35;"}
				{Matrix34
					1	0	0
					0	0	-1
					0	1	0
					-37.1603	-0.0160446	-0.957592
				}
				{VolumeView "wheell2.ply"}
			}
			{bone revolute "part1"
				{parameters "ID=trackleft;Radius=0.35;"}
				{Matrix34
					0.999048	-0.00228283	-0.0435596
					-0.0436194	-0.0522863	-0.997679
					0	0.99863	-0.0523361
					-51.8198	0.271055	6.92689
				}
				{VolumeView "part1.ply"}
			}
		}
		{bone "body"
			{parameters "ID=body;"}
			{Matrix34
				0.999048	-0.00228283	-0.0435596
				0	0.99863	-0.0523359
				0.0436194	0.0522861	0.997679
				-1.85921	-0.0764343	23.2364
			}
			{VolumeView "body.ply"}
			{bone revolute "turret"
				{parameters "ID=turret;"}
				{speed 0.01}
				{Matrix34
					0.98447	-0.173589	-0.026177
					0.173648	0.984808	0
					0.0257793	-0.00454559	0.999657
					-2.20369	0.0741301	14.4917
				}
				{VolumeView "turret.ply"}
				{bone revolute "gun_rot"
					{parameters "ID=gun;"}
					{limits -10 15}
					{speed 0.01}
					{Matrix34
						0.998135	0	-0.0610486
						0.0604544	0.139173	0.988421
						0.00849632	-0.990268	0.138914
						20.3392	-0.0741327	3.98982
					}
					{VolumeView "gun_rot.ply"}
					{bone "gun"
						{parameters "ID=gun;"}
						{Matrix34
							1	0	0
							0	0	-1
							0	1	0
							-13.601	-3.98983	0
						}
						{VolumeView "gun.ply"}
					}
				}
				{bone "turret7"
					{Matrix34
						-1	0	0
						0	0	1
						0	1	0
						14.5647	-10.2283	4.6275
					}
				}
			}
			{bone "cover1"
				{Matrix34
					0.833886	0	-0.551937
					-0.535542	0.241922	-0.809116
					0.133526	0.970296	0.201735
					28.8645	14.6592	12.9311
				}
				{VolumeView "cover1.ply"}
			}
			{bone "part3"
				{Matrix34
					0.838671	0	-0.544639
					0.0710897	-0.991445	0.109469
					-0.53998	-0.130526	-0.831496
					28.8645	-14.6625	12.9311
				}
				{VolumeView "part3.ply"}
			}
			{bone revolute "wheell1"
				{parameters "ID=trackleft;Radius=0.35;"}
				{Matrix34
					0.994522	-0.104528	0
					-0.00729155	-0.0693745	-0.997564
					0.104274	0.992099	-0.0697566
					49.3165	20.2854	-8.29149
				}
				{VolumeView "wheell1.ply"}
			}
			{bone revolute "part2"
				{parameters "ID=trackRight;Radius=0.35;"}
				{Matrix34
					1	0	0
					0	0	-1
					0	-1	0
					49.3184	-20.3145	-8.19306
				}
				{VolumeView "part2.ply"}
			}
			{bone revolute "wheelr8"
				{parameters "ID=trackRight;Radius=0.35;"}
				{Matrix34
					1	0	0
					0	0.0610485	-0.998135
					0	-0.998135	-0.0610485
					-49.1013	-20.997	-9.49163
				}
				{VolumeView "wheelr8.ply"}
			}
			{bone revolute "wheell11"
				{parameters "ID=trackleft;Radius=0.35;"}
				{Matrix34
					1	0	0
					0	0	-1
					0	1	0
					23.1006	20.332	-4.97359
				}
				{VolumeView "wheell11.ply"}
			}
			{bone revolute "wheell9"
				{parameters "ID=trackleft;Radius=0.35;"}
				{Matrix34
					1	0	0
					0	0	-1
					0	1	0
					-35.0336	20.332	-4.97359
				}
				{VolumeView "wheell11.ply"}
			}
			{bone revolute "wheelr9"
				{parameters "ID=trackRight;Radius=0.35;"}
				{Matrix34
					1	0	0
					0	0	-1
					0	-1	0
					-35.0336	-20.3352	-4.97359
				}
				{VolumeView "wheelr9.ply"}
			}
			{bone "engine"
				{parameters "CommonMesh;ID=engine;"}
				{Matrix34
					0.999048	0	0.0436191
					-0.00228286	0.99863	0.0522863
					-0.0435594	-0.0523361	0.997679
					-30.9667	0.225189	12.6632
				}
				{VolumeView "engine.ply"}
			}
			{bone "part5"
				{Position 2.58028	-19.8626	-11.6816}
				{VolumeView "part5.ply"}
			}
		}
		{bone "wheelsr"
			{parameters "wheelsR;"}
			{Position 0.491947	-20.3895	7.87997}
			{VolumeView "wheelsr.ply"}
			{bone revolute "wheelr3"
				{parameters "ID=trackRight;Radius=0.35;"}
				{Matrix34
					1	0	0
					0	0	-1
					0	-1	0
					20.9759	0.0162201	-0.957591
				}
				{VolumeView "wheelr3.ply"}
			}
			{bone revolute "part6"
				{parameters "ID=trackRight;Radius=0.35;"}
				{Matrix34
					0.99863	0.0523358	0
					0	0	-1
					0.0523358	-0.99863	0
					-8.58359	-0.00159454	-0.957591
				}
				{VolumeView "wheelr3.ply"}
			}
			{bone revolute "wheelr6"
				{parameters "ID=trackRight;Radius=0.35;"}
				{Matrix34
					1	0	0
					0	0.0958457	-0.995396
					0	-0.995396	-0.0958457
					-20.9731	0.0162201	-0.957591
				}
				{VolumeView "wheelr3.ply"}
			}
		}
	}
}
{Volume "body1"
	{Polyhedron "body1.vol"}
	{Bone "body"}
	{Position -7.12576	0.0289668	4.08469}
}
{Volume "body2"
	{Polyhedron "body2.vol"}
	{Bone "body"}
	{Matrix34
		-1	0	0
		0	0	1
		0	1	0
		3.08773	0.0347223	-5.93948
	}
}
{Volume "engine"
	{Polyhedron "engine.vol"}
	{Bone "engine"}
	{Matrix34
		0.999048	-0.00228283	-0.0435596
		0	0.99863	-0.052336
		0.0436194	0.0522861	0.997679
		-10.4561	-0.617904	-8.07611
	}
}
{Volume "gun"
	{Cylinder 2.00691 71.5956}
	{Bone "gun_rot"}
	{Matrix34
		0	0	-1
		-0.00174814	0.999999	0
		0.999999	0.00174805	0
		17.7089	-0.178455	0.0861007
	}
}
{Volume "inventory"
	{Box 11.6451 17.7493 7.58965}
	{Bone "body"}
	{Position 0.652654	0.22983	2.85402}
}
{Volume "mantlet"
	{Polyhedron "mantlet.vol"}
	{Bone "gun_rot"}
	{Matrix34
		0	0	-1
		0.00227854	0.999997	0
		0.999997	-0.00227859	0
		1.39146	0.380901	0.0455704
	}
}
{Volume "part1"
	{Cylinder 6.13293 5.06616}
	{Bone "part1"}
	{Matrix34
		0.999048	-0.0436191	0
		-0.0436192	-0.999049	0
		0	0	-1
		0.0538444	0.0524719	-0.704644
	}
}
{Volume "part2"
	{Cylinder 6.04988 8.36394}
	{Bone "part2"}
	{Matrix34
		0.999048	-0.0436193	0
		-0.0436193	-0.999048	0
		0	0	1
		0.147312	-0.157734	0.117989
	}
}
{Volume "part3"
	{Box 9.50819 7.77545 1.198}
	{Bone "part3"}
	{Matrix34
		0.00894205	0.999931	0.00761876
		-0.84428	0.0116324	-0.535776
		-0.535827	-0.00164155	0.844326
		-1.16169	4.76024	-2.67345
	}
}
{Volume "part4"
	{Cylinder 5.49464 5.08123}
	{Bone "part4"}
	{Matrix34
		1	0	0
		0	-1	0
		0	0	-1
		0.0744229	0.044525	-0.0622838
	}
}
{Volume "part5"
	{Box 16.6697 14.2157 6.97357}
	{Bone "part5"}
	{Matrix34
		0.999048	0	0.0436191
		-0.0436125	-0.0174522	0.998896
		0.000761251	-0.999848	-0.0174356
		-0.278893	-0.147284	0.461359
	}
}
{Volume "part6"
	{Cylinder 5.49464 5.08123}
	{Bone "part6"}
	{Matrix34
		1	0	0
		0	-1	0
		0	0	1
		0.109631	0.0445254	-0.0517581
	}
}
{Volume "trackleft"
	{Polyhedron "trackleft.vol"}
	{Bone "wheelsl"}
	{Position 33.9682	0.133125	15.8495}
}
{Volume "trackright"
	{Polyhedron "trackright.vol"}
	{Bone "wheelsr"}
	{Position 33.9683	-0.652649	15.8495}
}
{Volume "turret1"
	{Polyhedron "turret1.vol"}
	{Bone "turret"}
	{Matrix34
		0.999848	0	-0.0174526
		0	1	0
		0.0174525	0	0.999848
		-0.0585051	0.110101	-0.296936
	}
}
{Volume "turret8"
	{Cylinder 20.2996 2.23102}
	{Bone "turret"}
	{Position 0.280256	-0.0763312	-2.41416}
}
