;Exported by: butyvsky
;Date:        Wed May 17 17:31:13 2006
;File:        D:\kola\temp\gaz-67b\gaz67b\gaz67_x.max
{Skeleton
	{bone "basis"
		{parameters "SteerMax=30;WheelRadius=0.2;"}
		{Orientation
			1	0	0
			0	-1	0
			0	0	1
		}
		{bone "emit1"
			{Matrix34
				0	-1	0
				1	0	0
				0	0	1
				-3.85871	30.8805	0
			}
			{visibility 0}
		}
		{bone "emit2"
			{Matrix34
				0	1	0
				-1	0	0
				0	0	1
				-0.299073	-28.5191	0.0580309
			}
			{visibility 0}
		}
		{bone "emit3"
			{Matrix34
				0	1	0
				-1	0	0
				0	0	1
				-20.6162	-26.7291	0
			}
			{visibility 0}
		}
		{bone "body"
			{parameters "CommonMesh;ID=body;"}
			{animation
				{sequence "break" {file "body_b.anm"} {speed 0.8}}
			}
			{Position -1.08408	-0.526179	9.43764}
			{LODView
				{VolumeView "body.ply"}
				{VolumeView "body_lod1.ply"}
			}
			{bone "glass"
				{parameters "ID=glass;"}
				{Matrix34
					-1	0	0
					0	-1	0
					0	0	1
					4.5045	0.967494	17.3998
				}
				{VolumeView "glass.ply"}
			}
			{bone "fxsmoke1"
				{Matrix34
					-0.929557	-0.324512	0.174974
					0.318911	-0.945882	-0.0600296
					0.184985	0	0.982741
					3.36035	-17.1477	-2.576
				}
			}
			{bone "headlightr"
				{Position 28.7828	-8.26374	8.09358}
			}
			{bone "headlightl"
				{Position 28.7828	10.1487	8.09358}
			}
			{bone "fxlight"
				{Position 28.7828	0.970574	8.09358}
			}
			{bone "visor"
				{Matrix34
					0.973162	0	0.230119
					0	1	0
					-0.230119	0	0.973162
					5.07798	6.1404	16.5572
				}
			}
			{bone "fxstop2"
				{Matrix34
					-1	0	0
					0	0	1
					0	1	0
					-29.4624	-9.30134	2.82839
				}
			}
			{bone "fxstop1"
				{Matrix34
					-1	0	0
					0	0	1
					0	1	0
					-29.4528	10.9245	2.82839
				}
			}
			{bone "driver"
				{Matrix34
					0	-1	0
					0.928075	0	0.372394
					-0.372394	0	0.928075
					-1.49083	7.29738	-4.11744
				}
			}
			{bone "engine"
				{parameters "CommonMesh;ID=engine;"}
				{animation
					{sequence "break" {file "engine_b.anm"} {speed 0.8}}
				}
				{Matrix34
					0.999999	0	0.00116301
					0	1	0
					-0.00116301	0	0.999999
					12.1167	0.967036	11.3659
				}
				{VolumeView "engine.ply"}
			}
			{bone "comander"
				{Matrix34
					-0.984808	0	-0.173648
					0	-1	0
					-0.173648	0	0.984808
					-0.41373	-5.9139	-3.70163
				}
			}
			{bone revolute "rudder"
				{parameters "CommonMesh;ID=body;"}
				{animation
					{sequence "break" {file "body_b.anm"} {speed 0.8}}
				}
				{Matrix34
					0.600104	0.0376615	0.799035
					-0.0303408	0.999244	-0.0243111
					-0.799346	-0.00965417	0.600793
					0.475186	5.23761	11.2506
				}
				{VolumeView "rudder.ply"}
			}
			{bone "fxfire"
				{Matrix34
					-1	0	0
					0	-1	0
					0	0	1
					-21.915	0.141103	3.51682
				}
			}
			{bone revolute "gun_rot"
				{parameters "ID=gun_rot;"}
				{limits -70 70}
				{Matrix34
					0.999988	-0.00490759	0
					0.00490759	0.999988	0
					0	0	1
					-10.3588	0.0281793	22.8961
				}
				{VolumeView "gun_rot.ply"}
				{bone revolute "mgun"
					{limits -8 8}
					{Matrix34
						0.999988	0.00490776	0
						0	0	1
						0.00490776	-0.999988	0
						-4.769	0.0671639	4.07563
					}
				}
				{bone "gunner"
					{Matrix34
						0.999857	0.016885	-0.00133992
						-0.016885	0.999857	5.51605e-005
						0.00134067	-3.2517e-005	0.999999
						-11.3736	-0.126603	-15.6766
					}
				}
			}
			{bone "enumerator"
				{Matrix34
					0.999522	0.0309183	0
					0.00227895	-0.0736638	-0.997281
					-0.0308342	0.996804	-0.073699
					10.1118	15.53	6.22128
				}
				{VolumeView "enumerator.ply"}
			}
			{bone "enumerator1"
				{Matrix34
					-0.962941	0.269711	0
					0.0198773	0.0709679	-0.997281
					-0.268978	-0.960322	-0.073699
					10.1118	-13.4249	6.22128
				}
				{VolumeView "enumerator1.ply"}
			}
		}
		{bone "pivot_back"
			{parameters "ID=pivot_back;"}
			{Position -7.43753	0.226909	7.50149}
			{VolumeView "pivot_back.ply"}
			{bone "springr"
				{Matrix34
					-1	0	0
					0	-1	0
					0	0	1
					-9.36949	-12.8357	0.269115
				}
				{bone "fxtracer2"
					{Matrix34
						-1	0	0
						0	-1	0
						0	0	1
						0.410088	1.55423	-7.77061
					}
					{bone revolute "wheelright2"
						{parameters "ID=wheelright2;"}
						{Matrix34
							1	0	0
							0	0	-1
							0	1	0
							0.59585	-0.110387	7.62433
						}
						{VolumeView "wheelright2.ply"}
					}
				}
			}
			{bone "springl"
				{Matrix34
					-1	0	0
					0	-1	0
					0	0	1
					-9.3695	12.2834	0.269116
				}
				{bone "fxtracel2"
					{Matrix34
						-1	0	0
						0	-1	0
						0	0	1
						0.410091	-1.9282	-7.77061
					}
					{bone revolute "wheelleft2"
						{parameters "ID=wheelleft2;"}
						{Matrix34
							1	0	0
							0	-0.0538208	-0.998551
							0	0.998551	-0.0538208
							0.595858	-0.205289	7.22056
						}
						{VolumeView "wheelleft2.ply"}
					}
				}
			}
		}
		{bone "pivot_front"
			{parameters "ID=pivot_front;"}
			{Position 23.8309	-0.00975901	7.61328}
			{VolumeView "pivot_front.ply"}
			{bone revolute "steerl"
				{Matrix34
					0	-1	0
					1	0	0
					0	0	1
					-0.0704152	12.52	-0.125523
				}
				{bone revolute "fxtracel1"
					{Matrix34
						0	1	0
						-1	0	0
						0	0	1
						-1.9282	-0.313803	-7.48775
					}
					{bone revolute "wheelleft1"
						{parameters "ID=wheelleft1;"}
						{Matrix34
							1	0	0
							0	0	1
							0	-1	0
							0.341111	-0.120974	5.65306
						}
						{VolumeView "wheelleft1.ply"}
					}
				}
			}
			{bone revolute "steerr"
				{Matrix34
					0	-1	0
					1	0	0
					0	0	1
					-0.0704101	-12.5179	-0.125523
				}
				{bone "fxtracer1"
					{Matrix34
						0	1	0
						-1	0	0
						0	0	1
						1.63536	-0.322842	-7.48775
					}
					{bone revolute "wheelright1"
						{parameters "ID=wheelright1;"}
						{Matrix34
							1	0	0
							0	0	1
							0	-1	0
							0.350135	-0.182427	7.67492
						}
						{VolumeView "wheelright1.ply"}
					}
				}
			}
		}
	}
}
{Volume "wheelleft1"
	{Cylinder 5.91142 3.64023}
	{Bone "wheelleft1"}
	{Matrix34
		-1	0	0
		0	0.999979	-0.00653411
		0	-0.00653411	-0.999979
		0	-0.0118533	-0.0231035
	}
}
{Volume "wheelleft2"
	{Cylinder 6.12096 4.05512}
	{Bone "wheelleft2"}
	{Matrix34
		-1	0	0
		0	-1	0
		0	0	1
		0.0720274	1.07761	0.0580813
	}
}
{Volume "wheelright1"
	{Cylinder 6.23045 2.96024}
	{Bone "wheelright1"}
	{Matrix34
		-1	0	0
		0	1	0
		0	0	-1
		0	-0.899873	0.0222287
	}
}
{Volume "wheelright2"
	{Cylinder 6.29144 4.05512}
	{Bone "wheelright2"}
	{Matrix34
		-1	0	0
		0	-1	0
		0	0	1
		-0.77881	1.46467	0
	}
}
