;Exported by: Mauzer
;Date:        Sat Jan 31 16:08:24 2009
;File:        E:\Autodesk\low poly\Ò60\T60_xx.max
{Skeleton
	{bone "basis"
		{Orientation
			1	0	0
			0	-1	0
			0	0	1
		}
		{bone "body"
			{parameters "ID=body;"}
			{Matrix34
				0.99863	0.00182511	-0.0522882
				0.000913109	0.998631	0.0522961
				0.052312	-0.0522723	0.997262
				-0.648788	0.105208	19.9251
			}
			{VolumeView "body.ply"}
			{bone revolute "turret"
				{parameters "ID=turret;"}
				{Matrix34
					0.939857	0.340919	-0.0210311
					-0.341249	0.939858	-0.0147386
					0.0147415	0.021029	0.99967
					-4.53546	5.48339	9.6916
				}
				{VolumeView "turret.ply"}
				{bone "part3"
					{Matrix34
						-0.292372	0	-0.956305
						0	1	0
						0.956305	0	-0.292372
						5.72295	0.0642328	4.30082
					}
					{VolumeView "part3.ply"}
				}
				{bone revolute "gun_rot"
					{parameters "ID=gun;"}
					{Matrix34
						0.97436	-0.0198867	-0.224114
						0.224593	0.145469	0.963533
						0.0134401	-0.989163	0.146205
						11.8076	-0.0239172	-0.193953
					}
					{VolumeView "gun_rot.ply"}
					{bone "gun2"
						{parameters "ID=gun;"}
						{Orientation
							1	0	0
							0	0	-1
							0	1	0
						}
						{VolumeView "gun2.ply"}
					}
					{bone "gun"
						{parameters "ID=gun;"}
						{Matrix34
							1	0	0
							0	0	-1
							0	1	0
							0	0	0
						}
						{VolumeView "gun.ply"}
					}
				}
			}
			{bone "engine"
				{parameters "ID=engine;"}
				{Position -27.9859	-1.05691	0.952953}
				{VolumeView "engine.ply"}
			}
			{bone "part6"
				{Matrix34
					0.965423	0.0468383	0.256447
					-0.0712647	0.993674	0.0867961
					-0.250759	-0.10207	0.962653
					19.0748	1.9038	4.15301
				}
				{VolumeView "part6.ply"}
			}
			{bone revolute "wheelr1"
				{parameters "ID=trackRight;Radius=0.45;"}
				{Matrix34
					0.996205	0.0869057	-0.00475639
					-0.00435957	-0.00475576	-0.999979
					-0.0869265	0.996205	-0.00435888
					34.4156	-21.2288	-7.11693
				}
				{VolumeView "wheelr1.ply"}
			}
			{bone revolute "wheelr6"
				{parameters "ID=trackRight;Radius=0.4;"}
				{Matrix34
					1	0	0
					0	0	-1
					0	1	0
					-33.7807	-20.6345	-9.73531
				}
				{VolumeView "wheelr6.ply"}
			}
			{bone revolute "part2"
				{parameters "ID=trackleft;Radius=0.45;"}
				{Matrix34
					1	0	0
					0	0	-1
					0	1	0
					34.4156	21.2294	-7.11692
				}
				{VolumeView "part2.ply"}
			}
			{bone revolute "part1"
				{parameters "ID=trackleft;Radius=0.4;"}
				{Matrix34
					1	0	0
					0	0	-1
					0	1	0
					-33.7417	20.663	-9.706
				}
				{VolumeView "part1.ply"}
			}
			{bone revolute "wheell9"
				{parameters "ID=trackLeft;Radius=0.2;"}
				{Matrix34
					1	0	0
					0	0	-1
					0	1	0
					16.7743	20.2282	-4.48805
				}
				{VolumeView "wheell9.ply"}
			}
			{bone revolute "wheell7"
				{parameters "ID=trackLeft;Radius=0.2;"}
				{Matrix34
					1	0	0
					0	0	-1
					0	1	0
					-15.3091	20.2282	-6.25238
				}
				{VolumeView "wheell9.ply"}
			}
			{bone revolute "wheelr8"
				{parameters "ID=trackRight;Radius=0.2;"}
				{Matrix34
					1	0	0
					0	0	-1
					0	1	0
					0.18767	-20.1872	-5.27382
				}
				{VolumeView "wheelr8.ply"}
			}
			{bone "part5"
				{Position 0	0	0}
				{VolumeView "part5.ply"}
			}
		}
		{bone "wheelsr"
			{parameters "wheelsR;"}
			{Matrix34
				1	0	0
				0	1	0
				0	0	-1
				2.05069	-17.836	6.6541
			}
			{VolumeView "wheelsr.ply"}
			{bone revolute "part4"
				{parameters "ID=trackRight;Radius=0.4;"}
				{Matrix34
					1	0	0
					0	0.139173	0.990268
					0	0.990268	-0.139173
					-10.9395	-2.69331	1.09977
				}
				{VolumeView "wheelr6.ply"}
			}
			{bone revolute "wheelr3"
				{parameters "ID=trackRight;Radius=0.4;"}
				{Matrix34
					1	0	0
					0	-0.130527	0.991445
					0	0.991445	0.130527
					4.13078	-2.69331	1.09975
				}
				{VolumeView "wheelr6.ply"}
			}
			{bone revolute "wheelr2"
				{parameters "ID=trackRight;Radius=0.4;"}
				{Matrix34
					1	0	0
					0	0	1
					0	1	0
					19.4484	-2.69331	1.09976
				}
				{VolumeView "wheelr6.ply"}
			}
		}
		{bone "wheelsl"
			{parameters "wheelsL;"}
			{Position 24.4217	18.0478	6.68118}
			{VolumeView "wheelsl.ply"}
			{bone revolute "wheell3"
				{parameters "ID=trackleft;Radius=0.4;"}
				{Matrix34
					1	0	0
					0	0	-1
					0	1	0
					-18.1557	2.72033	-1.12684
				}
				{VolumeView "part1.ply"}
			}
			{bone revolute "wheell4"
				{parameters "ID=trackleft;Radius=0.4;"}
				{Matrix34
					1	0	0
					0	-0.0871558	-0.996195
					0	0.996195	-0.0871558
					-33.302	2.72033	-1.12684
				}
				{VolumeView "part1.ply"}
			}
			{bone revolute "wheell5"
				{parameters "ID=trackleft;Radius=0.4;"}
				{Matrix34
					0.992546	-0.121869	0
					0	0	-1
					0.121869	0.992546	0
					-47.5212	2.72033	-1.12684
				}
				{VolumeView "part1.ply"}
			}
		}
	}
}
{Volume "body1"
	{Polyhedron "body1.vol"}
	{Bone "body"}
	{Position -0.0724463	-39.6398	2.07491}
}
{Volume "body2"
	{Polyhedron "body2.vol"}
	{Bone "body"}
	{Position -0.0480595	-26.2963	1.37646}
}
{Volume "gun1"
	{Cylinder 0.515866 18.6307}
	{Bone "gun_rot"}
	{Matrix34
		0	0	-1
		0	1	0
		1	0	0
		17.9818	0.117131	2.6109
	}
}
{Volume "gun2"
	{Box 8.17292 2.4215 3.22359}
	{Bone "gun_rot"}
	{Matrix34
		-1	0	0
		0	1	0
		0	0	-1
		5.34688	0.049627	2.65678
	}
}
{Volume "mantlet"
	{Polyhedron "mantlet.vol"}
	{Bone "turret"}
	{Matrix34
		-0.962744	0.024086	0.26934
		0.270005	0.14042	0.952565
		-0.0148771	0.989799	-0.141692
		12.9236	-5.55004	0.417889
	}
}
{Volume "part1"
	{Cylinder 5.50259 1.81208}
	{Bone "part1"}
	{Matrix34
		0.99863	-0.0523118	0.00091314
		-0.0523118	-0.998631	-4.03784e-005
		0.000914008	0	-1
		0.0254406	0.0612344	-0.35099
	}
}
{Volume "part2"
	{Cylinder 5.50153 2.35908}
	{Bone "part2"}
	{Matrix34
		-0.99863	0.052312	-0.000912944
		-0.052302	-0.998593	-0.00876653
		-0.00137026	-0.00870677	0.999961
		-0.0550831	-0.1023	-0.375009
	}
}
{Volume "part3"
	{Cylinder 6.55663 0.788279}
	{Bone "part3"}
	{Matrix34
		-0.144284	0.989035	-0.0314904
		-0.989176	-0.143299	0.0315769
		0.0267179	0.0357055	0.999005
		-6.07011	-0.0595626	-0.191778
	}
}
{Volume "part4"
	{Cylinder 5.50259 1.81208}
	{Bone "part4"}
	{Matrix34
		1	0	0
		0	-1	0
		0	0	-1
		-0.0447095	-0.00371502	0.383257
	}
}
{Volume "part5"
	{Box 1.16695 5.71806 2.89987}
	{Bone "part5"}
	{Matrix34
		0.99863	0.000913107	0.0523119
		0.00182509	0.998631	-0.0522721
		-0.052288	0.052296	0.997262
		-16.8284	19.6049	0.313219
	}
}
{Volume "part6"
	{Box 7.85256 4.03018 0.511329}
	{Bone "part6"}
	{Matrix34
		-0.0211069	0.999759	0.00598476
		-0.464103	-0.0150999	0.885653
		0.88553	0.0159159	0.46431
		0.528931	-0.0208089	-1.73312
	}
}
{Volume "trackleft"
	{Polyhedron "trackleft.vol"}
	{Bone "wheelsl"}
	{Matrix34
		-1	0	0
		0	0	1
		0	1	0
		-25.0538	0.478905	2.01239
	}
}
{Volume "trackright"
	{Polyhedron "trackright.vol"}
	{Bone "wheelsr"}
	{Matrix34
		-1	0	0
		0	0	-1
		0	1	0
		-2.68274	-3.73387	-3.72469
	}
}
{Volume "turret1"
	{Polyhedron "turret1.vol"}
	{Bone "turret"}
	{Position -0.166336	-0.000710011	-0.348873}
}
{Volume "turret2"
	{Polyhedron "turret2.vol"}
	{Bone "turret"}
	{Position 7.12481	0.174386	-2.67741}
}
