;Exported by: doc
;Date:        Wed Sep 26 22:00:46 2018
;File:        Z:\work\0.KRIS\vehicles2\-stage2\SdKfz 250.11\Sd.kfz 250_11_xx_export.max
{Skeleton
	{bone "basis"
		{Orientation
			1	0	0
			0	-1	0
			0	0	1
		}
		{bone "pivot_front"
			{Position 35.4497	0.0328064	0}
			{bone revolute "steer_l1"
				{Matrix34
					-1	0	0
					0	1	0
					0	0	-1
					-0.000335693	14.7185	8.04513
				}
				{bone "ll"
					{Matrix34
						-1	0	0
						0	1	0
						0	0	-1
						0.0980225	-0.132065	0.476947
					}
					{VolumeView "ll.ply"}
				}
			}
			{bone revolute "steer_r1"
				{Matrix34
					-1	0	0
					0	1	0
					0	0	-1
					0	-14.7478	8.04513
				}
				{bone "rr"
					{Matrix34
						-1	0	0
						0	1	0
						0	0	-1
						0.098362	0.0890388	0.47695
					}
					{VolumeView "rr.ply"}
				}
			}
		}
		{bone "body"
			{parameters "ID=body;"}
			{Matrix34
				0.999551	-0.0261802	-0.0145757
				0.0247303	0.995446	-0.0920595
				0.0169194	0.0916576	0.995647
				-1.043	0.0189285	13.9326
			}
			{VolumeView "body.ply"}
			{bone "driver"
				{Matrix34
					0.992546	0	0.121869
					0	1	0
					-0.121869	0	0.992546
					4.30737	6.7951	-10.3468
				}
			}
			{bone "part1"
				{Matrix34
					0.355403	0	0.934713
					0	1	0
					-0.934713	0	0.355403
					-39.629	11.8794	14.665
				}
				{VolumeView "part1.ply"}
			}
			{bone revolute "wheell2"
				{parameters "ID=trackleft;Radius=0.41;"}
				{Matrix34
					0.900768	0.36111	0.241283
					0.197896	0.15326	-0.968168
					-0.386594	0.919843	0.0665889
					10.1454	16.8595	-4.39137
				}
				{VolumeView "wheell2.ply"}
			}
			{bone revolute "wheell7"
				{parameters "ID=trackleft;Radius=0.41;"}
				{Matrix34
					0.882399	-0.448493	-0.142219
					0.0249987	0.346535	-0.937704
					0.469838	0.823874	0.316993
					-32.7156	17.4075	-4.57998
				}
				{VolumeView "wheell7.ply"}
			}
			{bone revolute "wheelr2"
				{parameters "ID=trackleft;Radius=0.41;"}
				{Matrix34
					0.983592	0.0239594	0.178808
					0.177863	-0.294606	-0.938921
					0.0301818	0.955318	-0.294034
					10.1457	-16.8892	-4.39145
				}
				{VolumeView "wheelr2.ply"}
			}
			{bone "engine"
				{parameters "ID=engine;"}
				{VolumeView "engine.ply"}
				{bone "engine_cover1"
					{parameters "id=engine;"}
					{Matrix34
						0.990304	0.0692488	-0.120427
						-0.0697565	0.997564	0
						0.120134	0.00840054	0.992722
						28.9319	-6.88901	10.8799
					}
					{VolumeView "engine_cover1.ply"}
				}
				{bone "engine_cover2"
					{parameters "id=engine;"}
					{Matrix34
						0.990304	-0.0692489	-0.120427
						0.0697566	0.997564	0
						0.120134	-0.0084006	0.992722
						28.9319	6.8511	10.8799
					}
					{VolumeView "engine_cover2.ply"}
				}
			}
			{bone revolute "steer_b"
				{Matrix34
					-0.776511	-0.34202	0.529201
					0.282627	-0.939693	-0.192614
					0.563164	0	0.826345
					7.05191	7.32053	6.88371
				}
				{bone "handwheel"
					{Orientation
						0	1	0
						-1	0	0
						0	0	1
					}
					{VolumeView "handwheel.ply"}
				}
			}
			{bone "commander"
				{Matrix34
					0.992546	0	0.121869
					0	1	0
					-0.121869	0	0.992546
					4.30737	-7.90042	-10.3468
				}
			}
			{bone revolute "gun_rot1"
				{parameters "ID=gun_rot1;"}
				{limits -20 20}
				{speed 0.005}
				{Matrix34
					0.999998	-8.2255e-005	0.00188637
					7.69753e-005	0.999996	0.00279949
					-0.00188659	-0.00279936	0.999994
					5.08147	-0.0554881	18.933
				}
				{VolumeView "gun_rot1.ply"}
				{bone revolute "gun_rot"
					{parameters "ID=gun_rot;"}
					{limits -10 15}
					{speed 0.005}
					{Matrix34
						0.987393	0.0475811	-0.15097
						0.106022	0.509413	0.853966
						0.117539	-0.859206	0.497946
						-2.6112	0.0458	2.40156
					}
					{VolumeView "gun_rot.ply"}
					{bone "gun"
						{Matrix34
							1	0	0
							0	0	-1
							0	1	0
							2.36327	0.270697	0.04245
						}
						{VolumeView "gun.ply"}
					}
				}
			}
		}
		{bone "pivot_back"
			{Position -12.1808	0.0328064	0}
		}
		{bone "wheelsr"
			{parameters "wheelsR;id=trackright;"}
			{Position -8.30503	-12.3863	7.92953}
			{VolumeView "wheelsr.ply"}
			{bone "fxtracer3"
				{Matrix34
					-0.902585	0	0.430511
					0	-1	0
					0.430511	0	0.902585
					-28.0228	-4.12569	-5.76144
				}
			}
			{bone revolute "wheelr3"
				{parameters "ID=trackleft;Radius=0.41;"}
				{Matrix34
					0.915499	-0.402321	0
					0	0	-1
					0.402321	0.915499	0
					4.52418	-5.03781	-0.19772
				}
				{VolumeView "wheelr3.ply"}
			}
			{bone revolute "wheelr4"
				{parameters "ID=trackleft;Radius=0.41;"}
				{Matrix34
					0.668125	-0.720911	0.184109
					0.194417	-0.0696961	-0.97844
					0.7182	0.689514	0.0935913
					-2.66879	-4.42613	-0.287313
				}
				{VolumeView "wheelr4.ply"}
			}
		}
		{bone "wheelsl"
			{parameters "wheelsL;id=trackleft;"}
			{Position -8.30504	12.423	7.92952}
			{VolumeView "wheelsl.ply"}
			{bone revolute "part2"
				{parameters "ID=trackleft;Radius=0.41;"}
				{Matrix34
					1	0	0
					0	0	-1
					0	1	0
					-9.63753	5.00346	-0.197902
				}
				{VolumeView "part2.ply"}
			}
			{bone revolute "wheell3"
				{parameters "ID=trackleft;Radius=0.41;"}
				{Matrix34
					0.898151	-0.43024	-0.0906552
					0.071057	0.345501	-0.935724
					0.433907	0.83398	0.340883
					4.52391	5.00345	-0.197734
				}
				{VolumeView "wheell7.ply"}
			}
		}
	}
}
{Volume "body1"
	{Polyhedron "body1.vol"}
	{Bone "body"}
	{Position 6.18393	0.00922382	15.9274}
}
{Volume "body2"
	{Polyhedron "body2.vol"}
	{Bone "body"}
	{Position -15.5939	15.8548	14.0257}
}
{Volume "body3"
	{Polyhedron "body3.vol"}
	{Bone "body"}
	{Matrix34
		0.999748	0.0208597	-0.00830375
		-0.022402	0.951393	-0.307163
		0.0014928	0.307271	0.951621
		-15.5514	-16.6089	14.4826
	}
}
{Volume "body4"
	{Polyhedron "body4.vol"}
	{Bone "body"}
	{Matrix34
		0.939693	0	-0.34202
		0	1	0
		0.34202	0	0.939693
		-40.9422	0.00920832	7.03375
	}
}
{Volume "body5"
	{Polyhedron "body5.vol"}
	{Bone "body"}
	{Position -8.15003	0.00924683	1.67551}
}
{Volume "body6"
	{Polyhedron "body6.vol"}
	{Bone "body"}
	{Position -8.21604	0.00922763	7.37424}
}
{Volume "engine1"
	{Polyhedron "engine1.vol"}
	{Bone "engine"}
	{Position 24.8535	0.00365937	9.45611}
}
{Volume "engine2"
	{Polyhedron "engine2.vol"}
	{Bone "engine"}
	{Position 32.8505	0.00365901	-1.11386}
}
{Volume "gun"
	{Polyhedron "gun.vol"}
	{Bone "gun"}
	{Matrix34
		0.00180975	0.999998	0
		0.00196347	0	0.999998
		0.999997	-0.00180977	-0.00196345
		8.86925	-0.0162334	-0.180748
	}
}
{Volume "inventory"
	{Box 21.96 8.58862 1.45758}
	{Bone "body"}
	{Position -17.1177	8.31216	5.88939}
}
{Volume "mantlet"
	{Polyhedron "mantlet.vol"}
	{Bone "gun_rot1"}
	{Matrix34
		0.925592	0.288159	0.245446
		-0.154662	0.879741	-0.449595
		-0.345484	0.37818	0.858849
		2.42846	-1.49486	-2.68065
	}
}
{Volume "part1"
	{Box 11.6789 17.1654 2.70863}
	{Bone "part1"}
	{Matrix34
		0	-1	0
		1	0	0
		0	0	1
		-6.47234	-5.94126	-0.589318
	}
}
{Volume "part2"
	{Box 3.84229 11.3976 11.4}
	{Bone "part2"}
	{Matrix34
		0	0	-1
		0.809017	-0.587786	0
		-0.587786	-0.809017	0
		-0.00180721	0.00130033	-3.38673e-005
	}
}
