;Exported by: butyvsky
;Date:        Thu May 04 17:36:40 2006
;File:        D:\-Projects-\-3D Work-\Car\gms\gmc_fuel_xx.max
{Skeleton
	{bone "basis"
		{parameters "SteerMax=30;WheelRadius=0.3;"}
		{Orientation
			1	0	0
			0	-1	0
			0	0	1
		}
		{bone "body"
			{parameters "ID=body;"}
			{Matrix34
				0.999893	0.000150188	0.0146536
				0.00129337	0.995141	-0.0984524
				-0.0145972	0.0984608	0.995034
				0	0	28.6662
			}
			{VolumeView "body.ply"}
			{bone "cabin"
				{parameters "ID=cabin;"}
				{Matrix34
					0.994603	0.0012508	0.103745
					-0.103747	0.022261	0.994355
					-0.00106573	-0.999751	0.0222706
					21.3365	0.481361	0.960422
				}
				{VolumeView "cabin.ply"}
				{bone "part6"
					{Matrix34
						0.948632	0.153813	-0.276477
						-0.254947	-0.145841	-0.955894
						-0.18735	0.977278	-0.0991355
						7.34714	-0.447561	13.1513
					}
					{VolumeView "part6.ply"}
				}
				{bone "part4"
					{Matrix34
						0.691222	0.0444507	0.721274
						-0.241661	0.954861	0.172746
						-0.681037	-0.29371	0.670763
						2.29582	-0.42436	-18.2872
					}
					{VolumeView "part4.ply"}
				}
				{bone "part3"
					{Position -1.34789	2.75884	0.0604555}
					{VolumeView "part3.ply"}
				}
			}
			{bone "engine"
				{parameters "ID=engine;"}
				{Position 34.1365	0.319702	-6.77165}
				{VolumeView "engine.ply"}
				{bone "fxfire1"
					{Matrix34
						0.00629002	-0.00629025	0.99996
						0.707078	-0.707079	-0.00889565
						0.707107	0.707106	0
						6.98136	0.227322	-7.25464
					}
				}
			}
			{bone "part2"
				{Matrix34
					-0.0269944	-0.994887	0.0973236
					-6.97925e-005	0.097361	0.995249
					-0.999636	0.0268593	-0.00269763
					-13.2381	0.15249	-2.69579
				}
				{VolumeView "part2.ply"}
			}
			{bone "part1"
				{Matrix34
					0.0390094	-0.997782	0.0539346
					0.0157209	0.0545819	0.998385
					-0.999115	-0.0380985	0.0178152
					-47.9331	0.0998325	4.37143
				}
				{VolumeView "part1.ply"}
			}
			{bone "part5"
				{Matrix34
					0.999998	0.00176224	4.95898e-005
					-0.00176273	0.999049	0.0435664
					2.72297e-005	-0.0435664	0.999051
					-15.5289	16.7348	-15.1143
				}
				{VolumeView "part5.ply"}
			}
		}
		{bone "pivot_back"
			{parameters "ID=body;"}
			{Matrix34
				1	0	0
				0	0.999533	-0.0305595
				0	0.0305595	0.999533
				-47.7962	-2.49693	8.2696
			}
			{VolumeView "pivot_back.ply"}
			{bone revolute "spring_l"
				{Matrix34
					0.999847	0	0.0175169
					0	1	0
					-0.0175169	0	0.999847
					-0.727226	12.0909	-1.37202
				}
				{bone "fxtracel2"
					{Matrix34
						-0.999847	0	0.017517
						0.0175169	0	0.999847
						0	1	0
						-4.63472	6.6509	-2.2605
					}
				}
				{bone revolute "wheell2"
					{parameters "ID=wheelleft2;"}
					{Matrix34
						-0.999847	0	0.0175167
						0.0174362	0.0957677	0.995251
						-0.00167738	0.995404	-0.0957529
						23.7021	3.41958	-1.94383
					}
					{VolumeView "wheell2.ply"}
				}
				{bone revolute "wheell3"
					{parameters "ID=wheelleft3;"}
					{Matrix34
						-0.999847	0	0.0175167
						0.0174701	-0.0728203	0.997192
						0.00127572	0.997345	0.072809
						1.35006	6.01697	1.02671
					}
					{VolumeView "wheell3.ply"}
				}
			}
			{bone revolute "spring_r"
				{Matrix34
					0.999847	0	0.0175169
					0	1	0
					-0.0175169	0	0.999847
					-0.733818	-10.6728	-1.62397
				}
				{bone "fxtracer2"
					{Matrix34
						-0.999847	0	0.017517
						0.0175169	0	0.999847
						0	1	0
						-4.60962	-2.76155	-2.01041
					}
				}
				{bone revolute "wheelright2"
					{parameters "ID=wheelright2;"}
					{Matrix34
						0.999847	0	-0.0175171
						-0.0174924	0.0530564	-0.998438
						0.000929692	0.998591	0.0530481
						23.1769	-2.39631	0.301572
					}
					{VolumeView "wheelright2.ply"}
				}
				{bone revolute "wheelright3"
					{parameters "ID=wheelright3;"}
					{Matrix34
						0.999847	0	-0.0175171
						-0.0175171	0	-0.999847
						0	1	0
						1.16982	-2.35903	0.190824
					}
					{VolumeView "wheelright3.ply"}
				}
			}
		}
		{bone "pivot_front"
			{parameters "ID=body;"}
			{Position 45.515	0.11078	9.14454}
			{VolumeView "pivot_front.ply"}
			{bone revolute "steer_l"
				{Matrix34
					-0.999848	0	0.0174524
					0	1	0
					-0.0174524	0	-0.999848
					0.0985069	14.8029	-1.93756
				}
				{bone "fxtracel1"
					{Matrix34
						0.999848	0	0.0174524
						0.0174524	0	-0.999848
						0	1	0
						4.93016	3.54799	5.43901
					}
				}
				{bone revolute "wheelleft1"
					{parameters "ID=wheelleft1;"}
					{Matrix34
						0.999848	0	0.017452
						0.017452	0	-0.999848
						0	1	0
						0.286617	3.33408	0.0654828
					}
					{VolumeView "wheelleft1.ply"}
				}
			}
			{bone revolute "steer_r"
				{Matrix34
					-1	0	0
					0	1	0
					0	0	-1
					0.111965	-14.917	-1.94665
				}
				{bone revolute "wheelr1"
					{parameters "ID=wheelright1;"}
					{Matrix34
						-1	0	0
						0	0	1
						0	1	0
						0.301182	-2.87776	0.736419
					}
					{VolumeView "wheelr1.ply"}
				}
			}
		}
	}
}
{Volume "body-1"
	{Box 75.8255 45.4625 3.61074}
	{Bone "body"}
	{Position -28.1141	0.162991	-4.86674}
}
{Volume "body-2"
	{Box 14.136 7.22732 11.0177}
	{Bone "body"}
	{Position -59.0517	-20.1474	2.0501}
}
{Volume "body-5"
	{Box 0.848162 13.1002 15.4247}
	{Bone "body"}
	{Position -59.4891	-16.425	-14.3724}
}
{Volume "body"
	{Box 130.48 20.469 5.95072}
	{Bone "body"}
	{Position 0.814211	-0.835355	-13.8884}
}
{Volume "cabin"
	{Box 18.6896 28.5405 19.1319}
	{Bone "cabin"}
	{Matrix34
		0.999999	0.0005073	-5.10446e-005
		-5.10399e-005	0	-0.999999
		-0.000507338	0.999998	0
		-1.42135	-6.09357	0.546414
	}
}
{Volume "engine"
	{Box 28.0755 20.3471 13.8487}
	{Bone "engine"}
	{Matrix34
		0.991965	0	-0.126503
		0	0.999999	0
		0.126503	0	0.991964
		8.46087	-0.574764	1.2337
	}
}
{Volume "part1"
	{Polyhedron "part1.vol"}
	{Bone "part1"}
	{Matrix34
		-0.999768	0.0196314	-0.00886361
		0.0195749	0.999788	0.00641927
		0.00898775	0.00624428	-0.99994
		0.201856	-1.55601	15.2339
	}
}
{Volume "part2-1"
	{Polyhedron "part2-1.vol"}
	{Bone "part2"}
	{Matrix34
		-0.029699	-0.0144718	-0.999454
		-0.999334	0.0216199	0.0293824
		0.0211829	0.999662	-0.0151042
		0.420747	12.9753	-0.478787
	}
}
{Volume "part2"
	{Polyhedron "part2.vol"}
	{Bone "part2"}
	{Matrix34
		-0.999798	0.020041	0.00178194
		0.0200543	0.999768	0.00783354
		-0.00162454	0.00786769	-0.999968
		-0.106829	5.41497	14.6783
	}
}
{Volume "part3"
	{Box 18.9427 10.9061 24.8685}
	{Bone "part3"}
	{Position -0.162158	4.28338	-0.0340639}
}
{Volume "part4"
	{Box 15.0233 25.8173 1.46679}
	{Bone "part4"}
	{Position 0	0	0}
}
{Volume "part5"
	{Box 0.991105 12.2344 15.6972}
	{Bone "part5"}
	{Position 1.95039	0	-0.00594479}
}
{Volume "part6"
	{Box 15.3976 1.46678 25.9415}
	{Bone "part6"}
	{Position -7.33169	0	-0.160802}
}
{Volume "wheelleft1"
	{Cylinder 5.88859 4.95941}
	{Bone "wheelleft1"}
	{Matrix34
		-0.000173557	-1	0
		-1	0.000173557	0
		0	0	-1
		-0.00615198	0.0365679	-0.0514553
	}
}
{Volume "wheelleft2"
	{Cylinder 5.99405 4.74113}
	{Bone "wheell2"}
	{Matrix34
		-0.999846	0.0175164	0
		0.0175163	0.999847	0
		0	0	-1
		-0.0146297	0.707818	2.1022
	}
}
{Volume "wheelleft3"
	{Cylinder 6.08143 9.48227}
	{Bone "wheell3"}
	{Matrix34
		-0.999846	0.0175073	0.000560756
		0.0175163	0.999335	0.0319771
		0	0.0319826	-0.999488
		0.0127486	0.103578	-0.291541
	}
}
{Volume "wheelright1"
	{Cylinder 7.57955 4.32863}
	{Bone "wheelr1"}
	{Matrix34
		-0.683256	0.729652	-0.0277229
		0.715814	0.661837	-0.22267
		-0.144124	-0.171985	-0.9745
		0.181076	-0.448122	0.368173
	}
}
{Volume "wheelright2"
	{Cylinder 6.03894 8.94553}
	{Bone "wheelright2"}
	{Matrix34
		0.999847	0.0175161	0
		-0.017516	0.999847	0
		0	0	1
		-0.0159529	0.0906452	0.190526
	}
}
{Volume "wheelright3"
	{Cylinder 6.00757 9.92597}
	{Bone "wheelright3"}
	{Matrix34
		0.999847	0.017516	0
		-0.017516	0.999847	0
		0	0	1
		-0.081054	-0.261089	0.185999
	}
}
