;Exported by: garry
;Date:        Thu Mar 16 18:20:56 2006
;File:        D:\-Projects-\-3DWork-\Model\Авто-мото\Opel\Blitz3_6\Blitz3_6_xx.max
{Skeleton
	{bone "basis"
		{Orientation
			1	0	0
			0	-1	0
			0	0	1
		}
		{bone "body"
			{parameters "ID=body;"}
			{Position -1.98028	-0.199262	21.066}
			{VolumeView "body.ply"}
			{bone "bodyback"
				{parameters "ID=bodyback;"}
				{Position -29.1942	-0.574759	22.5734}
				{VolumeView "bodyback.ply"}
			}
			{bone "engine"
				{parameters "ID=engine;"}
				{Position 20.8339	0	0}
				{VolumeView "engine.ply"}
			}
			{bone "cabin"
				{parameters "ID=cabin;"}
				{Matrix34
					0.999808	-5.10127e-005	0.0195929
					5.10672e-005	1	0
					-0.0195929	0	0.999808
					20.8494	-0.00106451	-0.332296
				}
				{VolumeView "cabin.ply"}
				{bone "doorl"
					{parameters "ID=cabine;"}
					{Matrix34
						0.89397	-0.444955	0.0532156
						0.444168	0.895553	0.0264477
						-0.0594254	0	0.998233
						13.0936	15.8228	12.317
					}
					{VolumeView "doorl.ply"}
				}
			}
			{bone "part1"
				{Position -64.3573	-0.574759	14.1543}
				{VolumeView "part1.ply"}
			}
			{bone "part2"
				{Position -24.0355	-26.4409	14.1543}
				{VolumeView "part2.ply"}
			}
			{bone "part3"
				{Position 63.7855	-0.574767	6.57479}
				{VolumeView "part3.ply"}
			}
			{bone "part4"
				{parameters "ID=engine;"}
				{Position 36.1343	-17.2135	-0.920086}
				{VolumeView "part4.ply"}
			}
			{bone "part5"
				{parameters "ID=bodyback;"}
				{Position -21.8057	1.32276	20.3658}
				{VolumeView "part5.ply"}
			}
		}
		{bone "pivot_front"
			{Position 41.5227	-0.774013	10.6202}
			{VolumeView "pivot_front.ply"}
			{bone revolute "steer_l"
				{Matrix34
					-0.999848	0	0.0174524
					0	1	0
					-0.0174524	0	-0.999848
					0.0985069	14.8029	-1.93756
				}
				{bone revolute "wheell1"
					{parameters "ID=wheelleft1;"}
					{Matrix34
						-0.999848	0	-0.0174523
						-0.0174523	0	0.999848
						0	-1	0
						-0.0803068	1.69878	-1.46646
					}
					{VolumeView "wheell1.ply"}
				}
			}
			{bone revolute "steer_r"
				{Matrix34
					-1	0	0
					0	1	0
					0	0	-1
					0.111965	-14.917	-1.94665
				}
				{bone revolute "wheelr1"
					{parameters "ID=wheelright1;"}
					{Matrix34
						-0.992665	-0.120896	0
						0.0134307	-0.110278	0.99381
						-0.120148	0.986521	0.111093
						-0.0924292	-1.54732	-1.47392
					}
					{VolumeView "wheelr1.ply"}
				}
			}
		}
		{bone "pivot_back"
			{parameters "ID=body;"}
			{Position -39.7542	-0.774	10.1207}
			{VolumeView "pivot_back.ply"}
			{bone revolute "spring_l"
				{Matrix34
					0.999847	0	0.0175169
					0	1	0
					-0.0175169	0	0.999847
					-0.727226	12.0909	-1.37202
				}
				{bone revolute "wheell2"
					{parameters "ID=wheelleft2;"}
					{Matrix34
						0.999847	0	-0.0175168
						-0.0175168	0	-0.999847
						0	-1	0
						0.0712739	6.66265	1.39776
					}
					{VolumeView "wheell2.ply"}
				}
			}
			{bone revolute "spring_r"
				{Matrix34
					0.999847	0	0.0175169
					0	1	0
					-0.0175169	0	0.999847
					-0.733818	-10.6728	-1.62397
				}
				{bone revolute "wheelr2"
					{parameters "ID=wheelright2;"}
					{Matrix34
						0.999847	0	-0.0175169
						-0.0175169	0	-0.999847
						0	1	0
						0.0822831	-7.59863	1.64955
					}
					{VolumeView "wheelr2.ply"}
				}
			}
		}
	}
}
{Volume "body"
	{Box 92.5975 20.469 2.32854}
	{Bone "body"}
	{Position -4.22402	-0.649678	-4.86363}
}
{Volume "bodyback"
	{Polyhedron "bodyback.vol"}
	{Bone "bodyback"}
	{Position -2.42082	0.127113	-18.8997}
}
{Volume "cabin"
	{Box 20.9995 34.4692 19.2276}
	{Bone "cabin"}
	{Matrix34
		0.997522	5.06206e-005	0.0703398
		-5.09944e-005	0.999999	0
		-0.0703398	0	0.997521
		2.29385	-0.573612	9.18655
	}
}
{Volume "engine"
	{Box 24.4257 2.40466 12.2087}
	{Bone "engine"}
	{Matrix34
		0.964368	0.258402	-0.0567479
		-0.258819	0.965925	0
		0.0548143	0.0146874	0.998387
		27.3815	-12.3538	6.99368
	}
}
{Volume "part1"
	{Box 4.9151 51.3026 19.1515}
	{Bone "part1"}
	{Matrix34
		0.999989	0	0.00430808
		0	0.999999	0
		-0.00430804	0	0.999989
		-6.62317	-0.446164	0.361868
	}
}
{Volume "part2"
	{Box 1.25385 67.5034 19.1515}
	{Bone "part2"}
	{Matrix34
		0	0.999989	0.00430808
		-0.999999	0	0
		0	-0.00430804	0.999989
		-0.598434	-0.091661	0.361866
	}
}
{Volume "part3"
	{Box 3.08831 14.8287 19.1515}
	{Bone "part3"}
	{Matrix34
		0.999534	0	0.0304833
		0	0.999999	0
		-0.0304832	0	0.999533
		-0.099754	-0.274247	-0.900429
	}
}
{Volume "part4"
	{Box 8.68309 27.2849 7.46909}
	{Bone "part4"}
	{Matrix34
		0.0871152	-0.996188	-0.00428567
		0.996194	0.0871027	0.00304176
		-0.00265692	-0.00453438	0.999984
		5.74073	0.279647	0.757646
	}
}
{Volume "part5"
	{Box 38.387 47.7422 5.18503}
	{Bone "part5"}
	{Matrix34
		0.999989	-0.00145202	0.00405602
		0	0.941488	0.337046
		-0.00430806	-0.337042	0.941478
		-0.0111684	0.200884	3.57109
	}
}
{Volume "wheelleft1"
	{Cylinder 7.33087 4.95941}
	{Bone "wheell1"}
	{Matrix34
		0.719383	0.694613	0
		0.694612	-0.719384	0
		0	0	1
		0	0	0.163601
	}
}
{Volume "wheelleft2"
	{Cylinder 8.36005 8.94553}
	{Bone "wheell2"}
	{Matrix34
		0.999847	-0.0175166	0
		-0.0175166	-0.999847	0
		0	0	1
		-0.359922	0.16649	-0.84049
	}
}
{Volume "wheelright1"
	{Cylinder 7.13629 4.32863}
	{Bone "wheelr1"}
	{Matrix34
		-0.710396	-0.703741	0.00933579
		0.693947	-0.698177	0.176029
		-0.117361	0.131529	0.984341
		0.170283	0.0595758	-2.39055
	}
}
{Volume "wheelright2"
	{Cylinder 6.18024 8.94553}
	{Bone "wheelr2"}
	{Matrix34
		0.999847	-0.0175167	0
		-0.0175167	-0.999847	0
		0	0	-1
		-0.304344	0.194298	0.291939
	}
}
