-= Animation: break, Node Body =-
	Frame 150 {
		TM {
			1.0000	0.0000	0.0000
			0.0000	1.0000	0.0000
			0.0000	0.0000	1.0000
			2.6905	-0.0370	11.5807
		}
		Visibility 1.0000
	}
	Frame 151 {
		TM {
			1.0000	-0.0000	0.0058
			0.0000	1.0000	0.0000
			-0.0058	0.0000	1.0000
			2.6704	-0.0370	11.5968
		}
		Visibility 1.0000
	}
	Frame 152 {
		TM {
			0.9999	-0.0000	0.0125
			0.0000	1.0000	0.0000
			-0.0125	0.0000	0.9999
			2.6161	-0.0370	11.6404
		}
		Visibility 1.0000
	}
	Frame 153 {
		TM {
			0.9998	-0.0000	0.0198
			0.0000	1.0000	0.0000
			-0.0198	0.0000	0.9998
			2.5359	-0.0370	11.7047
		}
		Visibility 1.0000
	}
	Frame 154 {
		TM {
			0.9996	-0.0000	0.0273
			0.0000	1.0000	0.0000
			-0.0273	0.0000	0.9996
			2.4386	-0.0370	11.7827
		}
		Visibility 1.0000
	}
	Frame 155 {
		TM {
			0.9994	-0.0000	0.0344
			0.0000	1.0000	0.0000
			-0.0344	0.0000	0.9994
			2.3328	-0.0370	11.8677
		}
		Visibility 1.0000
	}
	Frame 156 {
		TM {
			0.9992	-0.0000	0.0409
			0.0000	1.0000	0.0000
			-0.0409	0.0000	0.9992
			2.2269	-0.0370	11.9526
		}
		Visibility 1.0000
	}
	Frame 157 {
		TM {
			0.9989	-0.0000	0.0463
			0.0000	1.0000	0.0000
			-0.0463	0.0000	0.9989
			2.1296	-0.0370	12.0306
		}
		Visibility 1.0000
	}
	Frame 158 {
		TM {
			0.9987	-0.0000	0.0501
			0.0000	1.0000	0.0000
			-0.0501	0.0000	0.9987
			2.0495	-0.0370	12.0949
		}
		Visibility 1.0000
	}
	Frame 159 {
		TM {
			0.9986	-0.0000	0.0521
			0.0000	1.0000	0.0000
			-0.0521	0.0000	0.9986
			1.9951	-0.0370	12.1385
		}
		Visibility 1.0000
	}
	Frame 160 {
		TM {
			0.9987	-0.0000	0.0517
			0.0000	1.0000	0.0000
			-0.0517	0.0000	0.9987
			1.9751	-0.0370	12.1546
		}
		Visibility 1.0000
	}
	Frame 161 {
		TM {
			0.9988	-0.0000	0.0497
			0.0000	1.0000	0.0000
			-0.0497	0.0000	0.9988
			1.9751	-0.0370	12.1483
		}
		Visibility 1.0000
	}
	Frame 162 {
		TM {
			0.9989	-0.0000	0.0471
			0.0000	1.0000	0.0000
			-0.0471	0.0000	0.9989
			1.9751	-0.0370	12.1305
		}
		Visibility 1.0000
	}
	Frame 163 {
		TM {
			0.9990	-0.0000	0.0439
			0.0000	1.0000	0.0000
			-0.0439	0.0000	0.9990
			1.9751	-0.0370	12.1022
		}
		Visibility 1.0000
	}
	Frame 164 {
		TM {
			0.9992	-0.0000	0.0401
			0.0000	1.0000	0.0000
			-0.0401	0.0000	0.9992
			1.9751	-0.0370	12.0650
		}
		Visibility 1.0000
	}
	Frame 165 {
		TM {
			0.9994	-0.0000	0.0359
			0.0000	1.0000	0.0000
			-0.0359	0.0000	0.9994
			1.9751	-0.0370	12.0200
		}
		Visibility 1.0000
	}
	Frame 166 {
		TM {
			0.9995	-0.0000	0.0312
			0.0000	1.0000	0.0000
			-0.0312	0.0000	0.9995
			1.9751	-0.0370	11.9685
		}
		Visibility 1.0000
	}
	Frame 167 {
		TM {
			0.9997	-0.0000	0.0262
			0.0000	1.0000	0.0000
			-0.0262	0.0000	0.9997
			1.9751	-0.0370	11.9119
		}
		Visibility 1.0000
	}
	Frame 168 {
		TM {
			0.9998	-0.0000	0.0209
			0.0000	1.0000	0.0000
			-0.0209	0.0000	0.9998
			1.9751	-0.0370	11.8513
		}
		Visibility 1.0000
	}
	Frame 169 {
		TM {
			0.9999	-0.0000	0.0152
			0.0000	1.0000	0.0000
			-0.0152	0.0000	0.9999
			1.9751	-0.0370	11.7882
		}
		Visibility 1.0000
	}
	Frame 170 {
		TM {
			1.0000	-0.0000	0.0094
			0.0000	1.0000	0.0000
			-0.0094	0.0000	1.0000
			1.9751	-0.0370	11.7239
		}
		Visibility 1.0000
	}
	Frame 171 {
		TM {
			1.0000	-0.0000	0.0033
			0.0000	1.0000	0.0000
			-0.0033	0.0000	1.0000
			1.9751	-0.0370	11.6595
		}
		Visibility 1.0000
	}
	Frame 172 {
		TM {
			1.0000	0.0000	-0.0028
			-0.0000	1.0000	0.0000
			0.0028	0.0000	1.0000
			1.9751	-0.0370	11.5964
		}
		Visibility 1.0000
	}
	Frame 173 {
		TM {
			1.0000	0.0000	-0.0090
			-0.0000	1.0000	0.0000
			0.0090	0.0000	1.0000
			1.9751	-0.0370	11.5358
		}
		Visibility 1.0000
	}
	Frame 174 {
		TM {
			0.9999	0.0000	-0.0153
			-0.0000	1.0000	0.0000
			0.0153	0.0000	0.9999
			1.9751	-0.0370	11.4792
		}
		Visibility 1.0000
	}
	Frame 175 {
		TM {
			0.9998	0.0000	-0.0215
			-0.0000	1.0000	0.0000
			0.0215	0.0000	0.9998
			1.9751	-0.0370	11.4277
		}
		Visibility 1.0000
	}
	Frame 176 {
		TM {
			0.9996	0.0000	-0.0276
			-0.0000	1.0000	0.0000
			0.0276	0.0000	0.9996
			1.9751	-0.0370	11.3827
		}
		Visibility 1.0000
	}
	Frame 177 {
		TM {
			0.9994	0.0000	-0.0335
			-0.0000	1.0000	0.0000
			0.0335	0.0000	0.9994
			1.9751	-0.0370	11.3455
		}
		Visibility 1.0000
	}
	Frame 178 {
		TM {
			0.9992	0.0000	-0.0393
			-0.0000	1.0000	0.0000
			0.0393	0.0000	0.9992
			1.9751	-0.0370	11.3172
		}
		Visibility 1.0000
	}
	Frame 179 {
		TM {
			0.9990	0.0000	-0.0449
			-0.0000	1.0000	0.0000
			0.0449	0.0000	0.9990
			1.9751	-0.0370	11.2994
		}
		Visibility 1.0000
	}
	Frame 180 {
		TM {
			0.9987	0.0000	-0.0501
			-0.0000	1.0000	0.0000
			0.0501	0.0000	0.9987
			1.9751	-0.0370	11.2931
		}
		Visibility 1.0000
	}
	Frame 181 {
		TM {
			0.9987	0.0000	-0.0501
			-0.0000	1.0000	0.0000
			0.0501	0.0000	0.9987
			1.9777	-0.0370	11.3038
		}
		Visibility 1.0000
	}
	Frame 182 {
		TM {
			0.9987	0.0000	-0.0501
			-0.0000	1.0000	0.0000
			0.0501	0.0000	0.9987
			1.9852	-0.0370	11.3330
		}
		Visibility 1.0000
	}
	Frame 183 {
		TM {
			0.9987	0.0000	-0.0501
			-0.0000	1.0000	0.0000
			0.0501	0.0000	0.9987
			1.9967	-0.0370	11.3758
		}
		Visibility 1.0000
	}
	Frame 184 {
		TM {
			0.9987	0.0000	-0.0501
			-0.0000	1.0000	0.0000
			0.0501	0.0000	0.9987
			2.0115	-0.0370	11.4279
		}
		Visibility 1.0000
	}
	Frame 185 {
		TM {
			0.9987	0.0000	-0.0501
			-0.0000	1.0000	0.0000
			0.0501	0.0000	0.9987
			2.0288	-0.0370	11.4846
		}
		Visibility 1.0000
	}
	Frame 186 {
		TM {
			0.9987	0.0000	-0.0501
			-0.0000	1.0000	0.0000
			0.0501	0.0000	0.9987
			2.0478	-0.0370	11.5413
		}
		Visibility 1.0000
	}
	Frame 187 {
		TM {
			0.9987	0.0000	-0.0501
			-0.0000	1.0000	0.0000
			0.0501	0.0000	0.9987
			2.0677	-0.0370	11.5934
		}
		Visibility 1.0000
	}
	Frame 188 {
		TM {
			0.9987	0.0000	-0.0501
			-0.0000	1.0000	0.0000
			0.0501	0.0000	0.9987
			2.0878	-0.0370	11.6362
		}
		Visibility 1.0000
	}
	Frame 189 {
		TM {
			0.9987	0.0000	-0.0501
			-0.0000	1.0000	0.0000
			0.0501	0.0000	0.9987
			2.1072	-0.0370	11.6653
		}
		Visibility 1.0000
	}
	Frame 190 {
		TM {
			0.9987	0.0000	-0.0501
			-0.0000	1.0000	0.0000
			0.0501	0.0000	0.9987
			2.1252	-0.0370	11.6761
		}
		Visibility 1.0000
	}
	Frame 191 {
		TM {
			0.9987	0.0000	-0.0501
			-0.0000	1.0000	0.0000
			0.0501	0.0000	0.9987
			2.1444	-0.0370	11.6667
		}
		Visibility 1.0000
	}
	Frame 192 {
		TM {
			0.9987	0.0000	-0.0501
			-0.0000	1.0000	0.0000
			0.0501	0.0000	0.9987
			2.1670	-0.0370	11.6412
		}
		Visibility 1.0000
	}
	Frame 193 {
		TM {
			0.9987	0.0000	-0.0501
			-0.0000	1.0000	0.0000
			0.0501	0.0000	0.9987
			2.1917	-0.0370	11.6037
		}
		Visibility 1.0000
	}
	Frame 194 {
		TM {
			0.9987	0.0000	-0.0501
			-0.0000	1.0000	0.0000
			0.0501	0.0000	0.9987
			2.2172	-0.0370	11.5582
		}
		Visibility 1.0000
	}
	Frame 195 {
		TM {
			0.9987	0.0000	-0.0501
			-0.0000	1.0000	0.0000
			0.0501	0.0000	0.9987
			2.2422	-0.0370	11.5086
		}
		Visibility 1.0000
	}
	Frame 196 {
		TM {
			0.9987	0.0000	-0.0501
			-0.0000	1.0000	0.0000
			0.0501	0.0000	0.9987
			2.2656	-0.0370	11.4591
		}
		Visibility 1.0000
	}
	Frame 197 {
		TM {
			0.9987	0.0000	-0.0501
			-0.0000	1.0000	0.0000
			0.0501	0.0000	0.9987
			2.2860	-0.0370	11.4136
		}
		Visibility 1.0000
	}
	Frame 198 {
		TM {
			0.9987	0.0000	-0.0501
			-0.0000	1.0000	0.0000
			0.0501	0.0000	0.9987
			2.3021	-0.0370	11.3761
		}
		Visibility 1.0000
	}
	Frame 199 {
		TM {
			0.9987	0.0000	-0.0501
			-0.0000	1.0000	0.0000
			0.0501	0.0000	0.9987
			2.3127	-0.0370	11.3506
		}
		Visibility 1.0000
	}
	Frame 200 {
		TM {
			0.9987	0.0000	-0.0501
			-0.0000	1.0000	0.0000
			0.0501	0.0000	0.9987
			2.3165	-0.0370	11.3412
		}
		Visibility 1.0000
	}
-= Animation: break, Node Turret =-
	Frame 100 {
		TM {
			1.0000	0.0000	0.0000
			0.0000	1.0000	0.0000
			0.0000	0.0000	1.0000
			-2.0511	-0.1107	3.8494
		}
		Visibility 1.0000
	}
	Frame 101 {
		TM {
			0.9999	-0.0000	0.0114
			0.0000	1.0000	0.0000
			-0.0114	0.0000	0.9999
			-2.0622	-0.1107	3.8680
		}
		Visibility 1.0000
	}
	Frame 102 {
		TM {
			0.9997	-0.0000	0.0246
			0.0000	1.0000	0.0000
			-0.0246	0.0000	0.9997
			-2.0929	-0.1107	3.9185
		}
		Visibility 1.0000
	}
	Frame 103 {
		TM {
			0.9992	-0.0000	0.0389
			0.0000	1.0000	0.0000
			-0.0389	0.0000	0.9992
			-2.1399	-0.1107	3.9929
		}
		Visibility 1.0000
	}
	Frame 104 {
		TM {
			0.9986	-0.0000	0.0533
			0.0000	1.0000	0.0000
			-0.0533	0.0000	0.9986
			-2.1994	-0.1107	4.0833
		}
		Visibility 1.0000
	}
	Frame 105 {
		TM {
			0.9977	-0.0000	0.0673
			0.0000	1.0000	0.0000
			-0.0673	0.0000	0.9977
			-2.2679	-0.1107	4.1817
		}
		Visibility 1.0000
	}
	Frame 106 {
		TM {
			0.9968	-0.0000	0.0799
			0.0000	1.0000	0.0000
			-0.0799	0.0000	0.9968
			-2.3419	-0.1107	4.2800
		}
		Visibility 1.0000
	}
	Frame 107 {
		TM {
			0.9959	-0.0000	0.0906
			0.0000	1.0000	0.0000
			-0.0906	0.0000	0.9959
			-2.4178	-0.1107	4.3704
		}
		Visibility 1.0000
	}
	Frame 108 {
		TM {
			0.9951	-0.0000	0.0984
			0.0000	1.0000	0.0000
			-0.0984	0.0000	0.9951
			-2.4920	-0.1107	4.4448
		}
		Visibility 1.0000
	}
	Frame 109 {
		TM {
			0.9947	-0.0000	0.1026
			0.0000	1.0000	0.0000
			-0.1026	0.0000	0.9947
			-2.5610	-0.1107	4.4953
		}
		Visibility 1.0000
	}
	Frame 110 {
		TM {
			0.9947	-0.0000	0.1026
			0.0000	1.0000	0.0000
			-0.1026	0.0000	0.9947
			-2.6212	-0.1107	4.5139
		}
		Visibility 1.0000
	}
	Frame 111 {
		TM {
			0.9953	-0.0000	0.0970
			0.0000	1.0000	0.0000
			-0.0970	0.0000	0.9953
			-2.6800	-0.1107	4.5017
		}
		Visibility 1.0000
	}
	Frame 112 {
		TM {
			0.9963	-0.0000	0.0861
			0.0000	1.0000	0.0000
			-0.0861	0.0000	0.9963
			-2.7453	-0.1107	4.4686
		}
		Visibility 1.0000
	}
	Frame 113 {
		TM {
			0.9975	-0.0000	0.0709
			0.0000	1.0000	0.0000
			-0.0709	0.0000	0.9975
			-2.8141	-0.1107	4.4197
		}
		Visibility 1.0000
	}
	Frame 114 {
		TM {
			0.9986	-0.0000	0.0528
			0.0000	1.0000	0.0000
			-0.0528	0.0000	0.9986
			-2.8834	-0.1107	4.3604
		}
		Visibility 1.0000
	}
	Frame 115 {
		TM {
			0.9995	-0.0000	0.0330
			0.0000	1.0000	0.0000
			-0.0330	0.0000	0.9995
			-2.9503	-0.1107	4.2959
		}
		Visibility 1.0000
	}
	Frame 116 {
		TM {
			0.9999	-0.0000	0.0126
			0.0000	1.0000	0.0000
			-0.0126	0.0000	0.9999
			-3.0117	-0.1107	4.2313
		}
		Visibility 1.0000
	}
	Frame 117 {
		TM {
			1.0000	0.0000	-0.0071
			-0.0000	1.0000	0.0000
			0.0071	0.0000	1.0000
			-3.0646	-0.1107	4.1720
		}
		Visibility 1.0000
	}
	Frame 118 {
		TM {
			0.9997	0.0000	-0.0248
			-0.0000	1.0000	0.0000
			0.0248	0.0000	0.9997
			-3.1061	-0.1107	4.1231
		}
		Visibility 1.0000
	}
	Frame 119 {
		TM {
			0.9992	0.0000	-0.0394
			-0.0000	1.0000	0.0000
			0.0394	0.0000	0.9992
			-3.1332	-0.1107	4.0900
		}
		Visibility 1.0000
	}
	Frame 120 {
		TM {
			0.9988	0.0000	-0.0496
			-0.0000	1.0000	0.0000
			0.0496	0.0000	0.9988
			-3.1429	-0.1107	4.0778
		}
		Visibility 1.0000
	}
	Frame 121 {
		TM {
			0.9984	-0.0006	-0.0558
			0.0006	1.0000	0.0002
			0.0558	-0.0002	0.9984
			-3.1429	-0.1107	4.0778
		}
		Visibility 1.0000
	}
	Frame 122 {
		TM {
			0.9982	-0.0020	-0.0593
			0.0021	1.0000	0.0005
			0.0593	-0.0007	0.9982
			-3.1429	-0.1107	4.0778
		}
		Visibility 1.0000
	}
	Frame 123 {
		TM {
			0.9981	-0.0040	-0.0607
			0.0040	1.0000	0.0010
			0.0607	-0.0013	0.9982
			-3.1429	-0.1107	4.0778
		}
		Visibility 1.0000
	}
	Frame 124 {
		TM {
			0.9982	-0.0060	-0.0604
			0.0062	1.0000	0.0016
			0.0604	-0.0020	0.9982
			-3.1429	-0.1107	4.0778
		}
		Visibility 1.0000
	}
	Frame 125 {
		TM {
			0.9982	-0.0079	-0.0589
			0.0080	1.0000	0.0021
			0.0589	-0.0026	0.9983
			-3.1429	-0.1107	4.0778
		}
		Visibility 1.0000
	}
	Frame 126 {
		TM {
			0.9984	-0.0091	-0.0567
			0.0092	1.0000	0.0024
			0.0567	-0.0029	0.9984
			-3.1429	-0.1107	4.0778
		}
		Visibility 1.0000
	}
	Frame 127 {
		TM {
			0.9985	-0.0093	-0.0542
			0.0094	1.0000	0.0025
			0.0542	-0.0030	0.9985
			-3.1429	-0.1107	4.0778
		}
		Visibility 1.0000
	}
	Frame 128 {
		TM {
			0.9986	-0.0081	-0.0519
			0.0082	1.0000	0.0022
			0.0518	-0.0026	0.9987
			-3.1429	-0.1107	4.0778
		}
		Visibility 1.0000
	}
	Frame 129 {
		TM {
			0.9987	-0.0051	-0.0502
			0.0052	1.0000	0.0014
			0.0502	-0.0016	0.9987
			-3.1429	-0.1107	4.0778
		}
		Visibility 1.0000
	}
	Frame 130 {
		TM {
			0.9988	0.0000	-0.0496
			-0.0000	1.0000	0.0000
			0.0496	0.0000	0.9988
			-3.1429	-0.1107	4.0778
		}
		Visibility 1.0000
	}
	Frame 131 {
		TM {
			0.9987	0.0066	-0.0498
			-0.0067	1.0000	-0.0018
			0.0498	0.0021	0.9988
			-3.1245	-0.1107	4.0753
		}
		Visibility 1.0000
	}
	Frame 132 {
		TM {
			0.9987	0.0138	-0.0500
			-0.0140	0.9999	-0.0037
			0.0499	0.0044	0.9987
			-3.0718	-0.1107	4.0683
		}
		Visibility 1.0000
	}
	Frame 133 {
		TM {
			0.9985	0.0215	-0.0502
			-0.0219	0.9997	-0.0058
			0.0501	0.0069	0.9987
			-2.9887	-0.1107	4.0571
		}
		Visibility 1.0000
	}
	Frame 134 {
		TM {
			0.9983	0.0298	-0.0505
			-0.0302	0.9995	-0.0080
			0.0502	0.0095	0.9987
			-2.8789	-0.1107	4.0424
		}
		Visibility 1.0000
	}
	Frame 135 {
		TM {
			0.9980	0.0384	-0.0508
			-0.0390	0.9992	-0.0103
			0.0504	0.0123	0.9987
			-2.7462	-0.1107	4.0247
		}
		Visibility 1.0000
	}
	Frame 136 {
		TM {
			0.9976	0.0475	-0.0512
			-0.0482	0.9988	-0.0128
			0.0505	0.0152	0.9986
			-2.5945	-0.1107	4.0043
		}
		Visibility 1.0000
	}
	Frame 137 {
		TM {
			0.9971	0.0568	-0.0515
			-0.0577	0.9982	-0.0153
			0.0506	0.0182	0.9986
			-2.4275	-0.1107	3.9820
		}
		Visibility 1.0000
	}
	Frame 138 {
		TM {
			0.9964	0.0665	-0.0519
			-0.0675	0.9976	-0.0179
			0.0506	0.0213	0.9985
			-2.2492	-0.1107	3.9581
		}
		Visibility 1.0000
	}
	Frame 139 {
		TM {
			0.9957	0.0764	-0.0524
			-0.0776	0.9968	-0.0206
			0.0506	0.0245	0.9984
			-2.0632	-0.1107	3.9332
		}
		Visibility 1.0000
	}
	Frame 140 {
		TM {
			0.9948	0.0866	-0.0529
			-0.0879	0.9959	-0.0233
			0.0506	0.0278	0.9983
			-1.8734	-0.1107	3.9078
		}
		Visibility 1.0000
	}
	Frame 141 {
		TM {
			0.9939	0.0968	-0.0534
			-0.0983	0.9948	-0.0260
			0.0506	0.0311	0.9982
			-1.6836	-0.1107	3.8824
		}
		Visibility 1.0000
	}
	Frame 142 {
		TM {
			0.9928	0.1072	-0.0540
			-0.1088	0.9936	-0.0288
			0.0505	0.0344	0.9981
			-1.4976	-0.1107	3.8575
		}
		Visibility 1.0000
	}
	Frame 143 {
		TM {
			0.9916	0.1176	-0.0545
			-0.1194	0.9923	-0.0316
			0.0504	0.0378	0.9980
			-1.3192	-0.1107	3.8336
		}
		Visibility 1.0000
	}
	Frame 144 {
		TM {
			0.9902	0.1280	-0.0552
			-0.1300	0.9909	-0.0343
			0.0503	0.0412	0.9979
			-1.1523	-0.1107	3.8113
		}
		Visibility 1.0000
	}
	Frame 145 {
		TM {
			0.9888	0.1384	-0.0558
			-0.1405	0.9894	-0.0371
			0.0501	0.0445	0.9978
			-1.0005	-0.1107	3.7909
		}
		Visibility 1.0000
	}
	Frame 146 {
		TM {
			0.9873	0.1486	-0.0565
			-0.1510	0.9877	-0.0398
			0.0499	0.0478	0.9976
			-0.8679	-0.1107	3.7732
		}
		Visibility 1.0000
	}
	Frame 147 {
		TM {
			0.9857	0.1587	-0.0572
			-0.1613	0.9860	-0.0425
			0.0496	0.0511	0.9975
			-0.7581	-0.1107	3.7585
		}
		Visibility 1.0000
	}
	Frame 148 {
		TM {
			0.9840	0.1687	-0.0579
			-0.1714	0.9842	-0.0452
			0.0493	0.0544	0.9973
			-0.6749	-0.1107	3.7473
		}
		Visibility 1.0000
	}
	Frame 149 {
		TM {
			0.9822	0.1784	-0.0586
			-0.1812	0.9823	-0.0477
			0.0490	0.0575	0.9971
			-0.6222	-0.1107	3.7403
		}
		Visibility 1.0000
	}
	Frame 150 {
		TM {
			0.9804	0.1878	-0.0593
			-0.1908	0.9803	-0.0502
			0.0487	0.0606	0.9970
			-0.6038	-0.1107	3.7378
		}
		Visibility 1.0000
	}
-= Animation: break, Node Gun_rot =-
	Frame 100 {
		TM {
			1.0000	0.0000	0.0000
			0.0000	0.0000	1.0000
			0.0000	-1.0000	0.0000
			9.8188	-0.0198	3.0534
		}
		Visibility 1.0000
	}
	Frame 101 {
		TM {
			0.9989	0.0000	-0.0472
			0.0472	0.0000	0.9989
			0.0000	-1.0000	0.0000
			9.8188	-0.0198	3.0534
		}
		Visibility 1.0000
	}
	Frame 102 {
		TM {
			0.9952	0.0000	-0.0980
			0.0980	-0.0000	0.9952
			0.0000	-1.0000	-0.0000
			9.8188	-0.0198	3.0534
		}
		Visibility 1.0000
	}
	Frame 103 {
		TM {
			0.9886	0.0000	-0.1506
			0.1506	-0.0000	0.9886
			0.0000	-1.0000	-0.0000
			9.8188	-0.0198	3.0534
		}
		Visibility 1.0000
	}
	Frame 104 {
		TM {
			0.9791	0.0000	-0.2034
			0.2034	-0.0000	0.9791
			0.0000	-1.0000	0.0000
			9.8188	-0.0198	3.0534
		}
		Visibility 1.0000
	}
	Frame 105 {
		TM {
			0.9671	0.0000	-0.2546
			0.2546	-0.0000	0.9671
			0.0000	-1.0000	-0.0000
			9.8188	-0.0198	3.0534
		}
		Visibility 1.0000
	}
	Frame 106 {
		TM {
			0.9532	0.0000	-0.3025
			0.3025	0.0000	0.9532
			0.0000	-1.0000	0.0000
			9.8188	-0.0198	3.0534
		}
		Visibility 1.0000
	}
	Frame 107 {
		TM {
			0.9384	0.0000	-0.3456
			0.3456	-0.0000	0.9384
			0.0000	-1.0000	0.0000
			9.8188	-0.0198	3.0534
		}
		Visibility 1.0000
	}
	Frame 108 {
		TM {
			0.9240	0.0000	-0.3825
			0.3825	0.0000	0.9240
			0.0000	-1.0000	-0.0000
			9.8188	-0.0198	3.0534
		}
		Visibility 1.0000
	}
	Frame 109 {
		TM {
			0.9112	0.0000	-0.4119
			0.4119	-0.0000	0.9112
			0.0000	-1.0000	0.0000
			9.8188	-0.0198	3.0534
		}
		Visibility 1.0000
	}
	Frame 110 {
		TM {
			0.9015	0.0000	-0.4327
			0.4327	0.0000	0.9015
			0.0000	-1.0000	0.0000
			9.8188	-0.0198	3.0534
		}
		Visibility 1.0000
	}
	Frame 111 {
		TM {
			0.9016	0.0000	-0.4327
			0.4327	-0.0000	0.9016
			0.0000	-1.0000	0.0000
			9.8188	-0.0198	3.0534
		}
		Visibility 1.0000
	}
	Frame 112 {
		TM {
			0.9131	0.0000	-0.4077
			0.4077	-0.0000	0.9131
			0.0000	-1.0000	-0.0000
			9.8188	-0.0198	3.0534
		}
		Visibility 1.0000
	}
	Frame 113 {
		TM {
			0.9296	0.0000	-0.3685
			0.3685	-0.0000	0.9296
			0.0000	-1.0000	-0.0000
			9.8188	-0.0198	3.0534
		}
		Visibility 1.0000
	}
	Frame 114 {
		TM {
			0.9453	0.0000	-0.3263
			0.3263	0.0000	0.9453
			0.0000	-1.0000	-0.0000
			9.8188	-0.0198	3.0534
		}
		Visibility 1.0000
	}
	Frame 115 {
		TM {
			0.9560	0.0000	-0.2932
			0.2932	-0.0000	0.9560
			0.0000	-1.0000	-0.0000
			9.8188	-0.0198	3.0534
		}
		Visibility 1.0000
	}
	Frame 116 {
		TM {
			0.9595	0.0000	-0.2816
			0.2816	0.0000	0.9595
			0.0000	-1.0000	0.0000
			9.8188	-0.0198	3.0534
		}
		Visibility 1.0000
	}
	Frame 117 {
		TM {
			0.9495	0.0000	-0.3137
			0.3137	0.0000	0.9495
			0.0000	-1.0000	0.0000
			9.8188	-0.0198	3.0534
		}
		Visibility 1.0000
	}
	Frame 118 {
		TM {
			0.9257	0.0000	-0.3784
			0.3784	-0.0000	0.9257
			0.0000	-1.0000	-0.0000
			9.8188	-0.0198	3.0534
		}
		Visibility 1.0000
	}
	Frame 119 {
		TM {
			0.8985	0.0000	-0.4391
			0.4391	-0.0000	0.8985
			0.0000	-1.0000	-0.0000
			9.8188	-0.0198	3.0534
		}
		Visibility 1.0000
	}
	Frame 120 {
		TM {
			0.8866	0.0000	-0.4625
			0.4625	0.0000	0.8866
			0.0000	-1.0000	-0.0000
			9.8188	-0.0198	3.0534
		}
		Visibility 1.0000
	}
	Frame 121 {
		TM {
			0.8899	0.0000	-0.4562
			0.4562	0.0000	0.8899
			0.0000	-1.0000	-0.0000
			9.8188	-0.0198	3.0534
		}
		Visibility 1.0000
	}
	Frame 122 {
		TM {
			0.8935	0.0000	-0.4490
			0.4490	-0.0000	0.8935
			0.0000	-1.0000	-0.0000
			9.8188	-0.0198	3.0534
		}
		Visibility 1.0000
	}
	Frame 123 {
		TM {
			0.8976	0.0000	-0.4409
			0.4409	0.0000	0.8976
			0.0000	-1.0000	-0.0000
			9.8188	-0.0198	3.0534
		}
		Visibility 1.0000
	}
	Frame 124 {
		TM {
			0.9019	0.0000	-0.4319
			0.4319	0.0000	0.9019
			0.0000	-1.0000	-0.0000
			9.8188	-0.0198	3.0534
		}
		Visibility 1.0000
	}
	Frame 125 {
		TM {
			0.9066	0.0000	-0.4220
			0.4220	0.0000	0.9066
			0.0000	-1.0000	-0.0000
			9.8188	-0.0198	3.0534
		}
		Visibility 1.0000
	}
	Frame 126 {
		TM {
			0.9115	0.0000	-0.4114
			0.4114	-0.0000	0.9115
			0.0000	-1.0000	-0.0000
			9.8188	-0.0198	3.0534
		}
		Visibility 1.0000
	}
	Frame 127 {
		TM {
			0.9165	0.0000	-0.4000
			0.4000	-0.0000	0.9165
			0.0000	-1.0000	-0.0000
			9.8188	-0.0198	3.0534
		}
		Visibility 1.0000
	}
	Frame 128 {
		TM {
			0.9217	0.0000	-0.3880
			0.3880	0.0000	0.9217
			0.0000	-1.0000	-0.0000
			9.8188	-0.0198	3.0534
		}
		Visibility 1.0000
	}
	Frame 129 {
		TM {
			0.9269	0.0000	-0.3753
			0.3753	-0.0000	0.9269
			-0.0000	-1.0000	-0.0000
			9.8188	-0.0198	3.0534
		}
		Visibility 1.0000
	}
	Frame 130 {
		TM {
			0.9322	0.0000	-0.3620
			0.3620	0.0000	0.9322
			0.0000	-1.0000	0.0000
			9.8188	-0.0198	3.0534
		}
		Visibility 1.0000
	}
	Frame 131 {
		TM {
			0.9374	0.0000	-0.3482
			0.3482	-0.0000	0.9374
			0.0000	-1.0000	0.0000
			9.8188	-0.0198	3.0534
		}
		Visibility 1.0000
	}
	Frame 132 {
		TM {
			0.9426	0.0000	-0.3339
			0.3339	0.0000	0.9426
			0.0000	-1.0000	-0.0000
			9.8188	-0.0198	3.0534
		}
		Visibility 1.0000
	}
	Frame 133 {
		TM {
			0.9477	-0.0000	-0.3192
			0.3192	-0.0000	0.9477
			0.0000	-1.0000	-0.0000
			9.8188	-0.0198	3.0534
		}
		Visibility 1.0000
	}
	Frame 134 {
		TM {
			0.9526	0.0000	-0.3042
			0.3042	-0.0000	0.9526
			0.0000	-1.0000	-0.0000
			9.8188	-0.0198	3.0534
		}
		Visibility 1.0000
	}
	Frame 135 {
		TM {
			0.9574	0.0000	-0.2888
			0.2888	0.0000	0.9574
			0.0000	-1.0000	-0.0000
			9.8188	-0.0198	3.0534
		}
		Visibility 1.0000
	}
	Frame 136 {
		TM {
			0.9619	0.0000	-0.2732
			0.2732	0.0000	0.9619
			0.0000	-1.0000	-0.0000
			9.8188	-0.0198	3.0534
		}
		Visibility 1.0000
	}
	Frame 137 {
		TM {
			0.9663	0.0000	-0.2575
			0.2575	-0.0000	0.9663
			0.0000	-1.0000	0.0000
			9.8188	-0.0198	3.0534
		}
		Visibility 1.0000
	}
	Frame 138 {
		TM {
			0.9704	0.0000	-0.2416
			0.2416	-0.0000	0.9704
			-0.0000	-1.0000	-0.0000
			9.8188	-0.0198	3.0534
		}
		Visibility 1.0000
	}
	Frame 139 {
		TM {
			0.9742	0.0000	-0.2256
			0.2256	-0.0000	0.9742
			0.0000	-1.0000	0.0000
			9.8188	-0.0198	3.0534
		}
		Visibility 1.0000
	}
	Frame 140 {
		TM {
			0.9778	0.0000	-0.2097
			0.2097	0.0000	0.9778
			0.0000	-1.0000	0.0000
			9.8188	-0.0198	3.0534
		}
		Visibility 1.0000
	}
	Frame 141 {
		TM {
			0.9810	0.0000	-0.1939
			0.1939	-0.0000	0.9810
			0.0000	-1.0000	-0.0000
			9.8188	-0.0198	3.0534
		}
		Visibility 1.0000
	}
	Frame 142 {
		TM {
			0.9840	0.0000	-0.1782
			0.1782	-0.0000	0.9840
			0.0000	-1.0000	0.0000
			9.8188	-0.0198	3.0534
		}
		Visibility 1.0000
	}
	Frame 143 {
		TM {
			0.9867	-0.0000	-0.1628
			0.1628	0.0000	0.9867
			0.0000	-1.0000	-0.0000
			9.8188	-0.0198	3.0534
		}
		Visibility 1.0000
	}
	Frame 144 {
		TM {
			0.9890	0.0000	-0.1476
			0.1476	0.0000	0.9890
			-0.0000	-1.0000	-0.0000
			9.8188	-0.0198	3.0534
		}
		Visibility 1.0000
	}
	Frame 145 {
		TM {
			0.9911	0.0000	-0.1328
			0.1328	0.0000	0.9911
			-0.0000	-1.0000	-0.0000
			9.8188	-0.0198	3.0534
		}
		Visibility 1.0000
	}
	Frame 146 {
		TM {
			0.9930	-0.0000	-0.1185
			0.1185	0.0000	0.9930
			0.0000	-1.0000	0.0000
			9.8188	-0.0198	3.0534
		}
		Visibility 1.0000
	}
	Frame 147 {
		TM {
			0.9945	0.0000	-0.1046
			0.1046	-0.0000	0.9945
			-0.0000	-1.0000	0.0000
			9.8188	-0.0198	3.0534
		}
		Visibility 1.0000
	}
	Frame 148 {
		TM {
			0.9958	-0.0000	-0.0913
			0.0913	0.0000	0.9958
			0.0000	-1.0000	0.0000
			9.8188	-0.0198	3.0534
		}
		Visibility 1.0000
	}
	Frame 149 {
		TM {
			0.9969	0.0000	-0.0786
			0.0786	-0.0000	0.9969
			-0.0000	-1.0000	0.0000
			9.8188	-0.0198	3.0534
		}
		Visibility 1.0000
	}
	Frame 150 {
		TM {
			0.9978	-0.0000	-0.0667
			0.0667	-0.0000	0.9978
			0.0000	-1.0000	-0.0000
			9.8188	-0.0198	3.0534
		}
		Visibility 1.0000
	}
-= Animation: break, Node Gun_rot =-
	Frame 160 {
		TM {
			1.0000	-0.0000	0.0000
			-0.0000	0.0000	1.0000
			0.0000	-1.0000	-0.0000
			9.8188	-0.0198	3.0534
		}
		Visibility 1.0000
	}
	Frame 161 {
		TM {
			0.9999	-0.0000	-0.0104
			0.0104	-0.0000	0.9999
			0.0000	-1.0000	0.0000
			9.8188	-0.0198	3.0534
		}
		Visibility 1.0000
	}
	Frame 162 {
		TM {
			0.9992	-0.0000	-0.0400
			0.0400	0.0000	0.9992
			0.0000	-1.0000	0.0000
			9.8188	-0.0198	3.0534
		}
		Visibility 1.0000
	}
	Frame 163 {
		TM {
			0.9964	-0.0000	-0.0844
			0.0844	-0.0000	0.9964
			0.0000	-1.0000	0.0000
			9.8188	-0.0198	3.0534
		}
		Visibility 1.0000
	}
	Frame 164 {
		TM {
			0.9903	0.0000	-0.1390
			0.1390	-0.0000	0.9903
			0.0000	-1.0000	-0.0000
			9.8188	-0.0198	3.0534
		}
		Visibility 1.0000
	}
	Frame 165 {
		TM {
			0.9799	-0.0000	-0.1993
			0.1993	0.0000	0.9799
			0.0000	-1.0000	0.0000
			9.8188	-0.0198	3.0534
		}
		Visibility 1.0000
	}
	Frame 166 {
		TM {
			0.9654	0.0000	-0.2606
			0.2606	0.0000	0.9654
			0.0000	-1.0000	-0.0000
			9.8188	-0.0198	3.0534
		}
		Visibility 1.0000
	}
	Frame 167 {
		TM {
			0.9479	0.0000	-0.3186
			0.3186	-0.0000	0.9479
			0.0000	-1.0000	0.0000
			9.8188	-0.0198	3.0534
		}
		Visibility 1.0000
	}
	Frame 168 {
		TM {
			0.9294	0.0000	-0.3690
			0.3690	-0.0000	0.9294
			0.0000	-1.0000	-0.0000
			9.8188	-0.0198	3.0534
		}
		Visibility 1.0000
	}
	Frame 169 {
		TM {
			0.9129	-0.0000	-0.4082
			0.4082	-0.0000	0.9129
			0.0000	-1.0000	-0.0000
			9.8188	-0.0198	3.0534
		}
		Visibility 1.0000
	}
	Frame 170 {
		TM {
			0.9015	0.0000	-0.4327
			0.4327	0.0000	0.9015
			0.0000	-1.0000	-0.0000
			9.8188	-0.0198	3.0534
		}
		Visibility 1.0000
	}
	Frame 171 {
		TM {
			0.9015	-0.0000	-0.4327
			0.4327	0.0000	0.9015
			0.0000	-1.0000	0.0000
			9.8188	-0.0198	3.0534
		}
		Visibility 1.0000
	}
	Frame 172 {
		TM {
			0.9131	0.0000	-0.4078
			0.4078	-0.0000	0.9131
			0.0000	-1.0000	0.0000
			9.8188	-0.0198	3.0534
		}
		Visibility 1.0000
	}
	Frame 173 {
		TM {
			0.9296	-0.0000	-0.3687
			0.3687	-0.0000	0.9296
			0.0000	-1.0000	0.0000
			9.8188	-0.0198	3.0534
		}
		Visibility 1.0000
	}
	Frame 174 {
		TM {
			0.9452	-0.0000	-0.3266
			0.3266	0.0000	0.9452
			0.0000	-1.0000	0.0000
			9.8188	-0.0198	3.0534
		}
		Visibility 1.0000
	}
	Frame 175 {
		TM {
			0.9560	-0.0000	-0.2934
			0.2934	-0.0000	0.9560
			0.0000	-1.0000	-0.0000
			9.8188	-0.0198	3.0534
		}
		Visibility 1.0000
	}
	Frame 176 {
		TM {
			0.9595	-0.0000	-0.2816
			0.2816	0.0000	0.9595
			0.0000	-1.0000	0.0000
			9.8188	-0.0198	3.0534
		}
		Visibility 1.0000
	}
	Frame 177 {
		TM {
			0.9549	0.0000	-0.2969
			0.2969	0.0000	0.9549
			0.0000	-1.0000	0.0000
			9.8188	-0.0198	3.0534
		}
		Visibility 1.0000
	}
	Frame 178 {
		TM {
			0.9435	0.0000	-0.3313
			0.3313	-0.0000	0.9435
			0.0000	-1.0000	-0.0000
			9.8188	-0.0198	3.0534
		}
		Visibility 1.0000
	}
	Frame 179 {
		TM {
			0.9267	-0.0000	-0.3759
			0.3759	-0.0000	0.9267
			0.0000	-1.0000	0.0000
			9.8188	-0.0198	3.0534
		}
		Visibility 1.0000
	}
	Frame 180 {
		TM {
			0.9065	0.0000	-0.4223
			0.4223	-0.0000	0.9065
			0.0000	-1.0000	-0.0000
			9.8188	-0.0198	3.0534
		}
		Visibility 1.0000
	}
	Frame 181 {
		TM {
			0.8866	0.0000	-0.4625
			0.4625	-0.0000	0.8866
			0.0000	-1.0000	-0.0000
			9.8188	-0.0198	3.0534
		}
		Visibility 1.0000
	}
-= Animation: break, Node mgun_rot =-
	Frame 100 {
		TM {
			1.0000	0.0000	0.0000
			0.0000	1.0000	0.0000
			0.0000	0.0000	1.0000
			-6.2198	-2.6242	6.0007
		}
		Visibility 1.0000
	}
	Frame 101 {
		TM {
			1.0000	-0.0000	0.0054
			-0.0000	1.0000	-0.0000
			-0.0054	0.0000	1.0000
			-6.2198	-2.6242	6.0007
		}
		Visibility 1.0000
	}
	Frame 102 {
		TM {
			0.9998	0.0000	0.0202
			-0.0000	1.0000	0.0000
			-0.0202	-0.0000	0.9998
			-6.2198	-2.6242	6.0007
		}
		Visibility 1.0000
	}
	Frame 103 {
		TM {
			0.9991	-0.0000	0.0419
			-0.0000	1.0000	-0.0000
			-0.0419	-0.0000	0.9991
			-6.2198	-2.6242	6.0007
		}
		Visibility 1.0000
	}
	Frame 104 {
		TM {
			0.9977	-0.0000	0.0682
			-0.0000	1.0000	-0.0000
			-0.0682	-0.0000	0.9977
			-6.2198	-2.6242	6.0007
		}
		Visibility 1.0000
	}
	Frame 105 {
		TM {
			0.9953	0.0000	0.0969
			0.0000	1.0000	-0.0000
			-0.0969	-0.0000	0.9953
			-6.2198	-2.6242	6.0007
		}
		Visibility 1.0000
	}
	Frame 106 {
		TM {
			0.9921	0.0000	0.1254
			0.0000	1.0000	0.0000
			-0.1254	0.0000	0.9921
			-6.2198	-2.6242	6.0007
		}
		Visibility 1.0000
	}
	Frame 107 {
		TM {
			0.9885	-0.0000	0.1515
			-0.0000	1.0000	-0.0000
			-0.1515	-0.0000	0.9885
			-6.2198	-2.6242	6.0007
		}
		Visibility 1.0000
	}
	Frame 108 {
		TM {
			0.9849	0.0000	0.1730
			0.0000	1.0000	-0.0000
			-0.1730	-0.0000	0.9849
			-6.2198	-2.6242	6.0007
		}
		Visibility 1.0000
	}
	Frame 109 {
		TM {
			0.9823	0.0000	0.1875
			-0.0000	1.0000	-0.0000
			-0.1875	0.0000	0.9823
			-6.2198	-2.6242	6.0007
		}
		Visibility 1.0000
	}
	Frame 110 {
		TM {
			0.9812	0.0000	0.1928
			0.0000	1.0000	-0.0000
			-0.1928	-0.0000	0.9812
			-6.2198	-2.6242	6.0007
		}
		Visibility 1.0000
	}
	Frame 111 {
		TM {
			0.9838	-0.0000	0.1792
			-0.0000	1.0000	-0.0000
			-0.1792	0.0000	0.9838
			-6.2198	-2.6242	6.0007
		}
		Visibility 1.0000
	}
	Frame 112 {
		TM {
			0.9898	0.0000	0.1422
			0.0000	1.0000	0.0000
			-0.1422	-0.0000	0.9898
			-6.2198	-2.6242	6.0007
		}
		Visibility 1.0000
	}
	Frame 113 {
		TM {
			0.9962	0.0000	0.0873
			-0.0000	1.0000	0.0000
			-0.0873	0.0000	0.9962
			-6.2198	-2.6242	6.0007
		}
		Visibility 1.0000
	}
	Frame 114 {
		TM {
			0.9998	0.0000	0.0202
			0.0000	1.0000	0.0000
			-0.0202	-0.0000	0.9998
			-6.2198	-2.6242	6.0007
		}
		Visibility 1.0000
	}
	Frame 115 {
		TM {
			0.9986	0.0000	-0.0528
			0.0000	1.0000	-0.0000
			0.0528	-0.0000	0.9986
			-6.2198	-2.6242	6.0007
		}
		Visibility 1.0000
	}
	Frame 116 {
		TM {
			0.9921	-0.0000	-0.1255
			-0.0000	1.0000	-0.0000
			0.1255	-0.0000	0.9921
			-6.2198	-2.6242	6.0007
		}
		Visibility 1.0000
	}
	Frame 117 {
		TM {
			0.9814	-0.0000	-0.1918
			-0.0000	1.0000	-0.0000
			0.1918	-0.0000	0.9814
			-6.2198	-2.6242	6.0007
		}
		Visibility 1.0000
	}
	Frame 118 {
		TM {
			0.9693	0.0000	-0.2458
			-0.0000	1.0000	0.0000
			0.2458	-0.0000	0.9693
			-6.2198	-2.6242	6.0007
		}
		Visibility 1.0000
	}
	Frame 119 {
		TM {
			0.9594	-0.0000	-0.2819
			0.0000	1.0000	-0.0000
			0.2819	0.0000	0.9594
			-6.2198	-2.6242	6.0007
		}
		Visibility 1.0000
	}
	Frame 120 {
		TM {
			0.9554	-0.0000	-0.2952
			-0.0000	1.0000	0.0000
			0.2952	-0.0000	0.9554
			-6.2198	-2.6242	6.0007
		}
		Visibility 1.0000
	}
	Frame 121 {
		TM {
			0.9554	0.0000	-0.2952
			0.0000	1.0000	0.0000
			0.2952	0.0000	0.9554
			-6.2198	-2.6242	6.0007
		}
		Visibility 1.0000
	}
	Frame 122 {
		TM {
			0.9554	0.0000	-0.2952
			0.0000	1.0000	0.0000
			0.2952	0.0000	0.9554
			-6.2198	-2.6242	6.0007
		}
		Visibility 1.0000
	}
	Frame 123 {
		TM {
			0.9554	0.0000	-0.2952
			0.0000	1.0000	-0.0000
			0.2952	0.0000	0.9554
			-6.2198	-2.6242	6.0007
		}
		Visibility 1.0000
	}
	Frame 124 {
		TM {
			0.9554	0.0000	-0.2952
			0.0000	1.0000	0.0000
			0.2952	0.0000	0.9554
			-6.2198	-2.6242	6.0007
		}
		Visibility 1.0000
	}
	Frame 125 {
		TM {
			0.9554	0.0000	-0.2952
			0.0000	1.0000	0.0000
			0.2952	0.0000	0.9554
			-6.2198	-2.6242	6.0007
		}
		Visibility 1.0000
	}
	Frame 126 {
		TM {
			0.9554	-0.0000	-0.2952
			-0.0000	1.0000	0.0000
			0.2952	-0.0000	0.9554
			-6.2198	-2.6242	6.0007
		}
		Visibility 1.0000
	}
	Frame 127 {
		TM {
			0.9554	-0.0000	-0.2952
			0.0000	1.0000	0.0000
			0.2952	0.0000	0.9554
			-6.2198	-2.6242	6.0007
		}
		Visibility 1.0000
	}
	Frame 128 {
		TM {
			0.9554	0.0000	-0.2952
			0.0000	1.0000	-0.0000
			0.2952	0.0000	0.9554
			-6.2198	-2.6242	6.0007
		}
		Visibility 1.0000
	}
	Frame 129 {
		TM {
			0.9554	0.0000	-0.2952
			0.0000	1.0000	-0.0000
			0.2952	-0.0000	0.9554
			-6.2198	-2.6242	6.0007
		}
		Visibility 1.0000
	}
	Frame 130 {
		TM {
			0.9554	-0.0000	-0.2952
			-0.0000	1.0000	0.0000
			0.2952	-0.0000	0.9554
			-6.2198	-2.6242	6.0007
		}
		Visibility 1.0000
	}
	Frame 131 {
		TM {
			0.9554	-0.0000	-0.2952
			-0.0000	1.0000	-0.0000
			0.2952	-0.0000	0.9554
			-6.2198	-2.6242	6.0007
		}
		Visibility 1.0000
	}
	Frame 132 {
		TM {
			0.9554	0.0000	-0.2952
			0.0000	1.0000	0.0000
			0.2952	0.0000	0.9554
			-6.2198	-2.6242	6.0007
		}
		Visibility 1.0000
	}
	Frame 133 {
		TM {
			0.9554	0.0000	-0.2952
			-0.0000	1.0000	0.0000
			0.2952	0.0000	0.9554
			-6.2198	-2.6242	6.0007
		}
		Visibility 1.0000
	}
	Frame 134 {
		TM {
			0.9554	0.0000	-0.2952
			-0.0000	1.0000	0.0000
			0.2952	0.0000	0.9554
			-6.2198	-2.6242	6.0007
		}
		Visibility 1.0000
	}
	Frame 135 {
		TM {
			0.9554	0.0000	-0.2952
			0.0000	1.0000	0.0000
			0.2952	0.0000	0.9554
			-6.2198	-2.6242	6.0007
		}
		Visibility 1.0000
	}
	Frame 136 {
		TM {
			0.9554	0.0000	-0.2952
			0.0000	1.0000	0.0000
			0.2952	0.0000	0.9554
			-6.2198	-2.6242	6.0007
		}
		Visibility 1.0000
	}
	Frame 137 {
		TM {
			0.9554	-0.0000	-0.2952
			-0.0000	1.0000	-0.0000
			0.2952	-0.0000	0.9554
			-6.2198	-2.6242	6.0007
		}
		Visibility 1.0000
	}
	Frame 138 {
		TM {
			0.9554	-0.0000	-0.2952
			0.0000	1.0000	0.0000
			0.2952	0.0000	0.9554
			-6.2198	-2.6242	6.0007
		}
		Visibility 1.0000
	}
	Frame 139 {
		TM {
			0.9554	0.0000	-0.2952
			-0.0000	1.0000	-0.0000
			0.2952	-0.0000	0.9554
			-6.2198	-2.6242	6.0007
		}
		Visibility 1.0000
	}
	Frame 140 {
		TM {
			0.9554	-0.0000	-0.2952
			0.0000	1.0000	-0.0000
			0.2952	-0.0000	0.9554
			-6.2198	-2.6242	6.0007
		}
		Visibility 1.0000
	}
	Frame 141 {
		TM {
			0.9554	0.0000	-0.2952
			-0.0000	1.0000	-0.0000
			0.2952	0.0000	0.9554
			-6.2198	-2.6242	6.0007
		}
		Visibility 1.0000
	}
	Frame 142 {
		TM {
			0.9554	-0.0000	-0.2952
			0.0000	1.0000	0.0000
			0.2952	0.0000	0.9554
			-6.2198	-2.6242	6.0007
		}
		Visibility 1.0000
	}
	Frame 143 {
		TM {
			0.9554	-0.0000	-0.2952
			-0.0000	1.0000	0.0000
			0.2952	-0.0000	0.9554
			-6.2198	-2.6242	6.0007
		}
		Visibility 1.0000
	}
	Frame 144 {
		TM {
			0.9554	-0.0000	-0.2952
			0.0000	1.0000	0.0000
			0.2952	0.0000	0.9554
			-6.2198	-2.6242	6.0007
		}
		Visibility 1.0000
	}
	Frame 145 {
		TM {
			0.9554	0.0000	-0.2952
			0.0000	1.0000	0.0000
			0.2952	0.0000	0.9554
			-6.2198	-2.6242	6.0007
		}
		Visibility 1.0000
	}
	Frame 146 {
		TM {
			0.9554	0.0000	-0.2952
			-0.0000	1.0000	0.0000
			0.2952	0.0000	0.9554
			-6.2198	-2.6242	6.0007
		}
		Visibility 1.0000
	}
	Frame 147 {
		TM {
			0.9554	0.0000	-0.2952
			0.0000	1.0000	-0.0000
			0.2952	-0.0000	0.9554
			-6.2198	-2.6242	6.0007
		}
		Visibility 1.0000
	}
	Frame 148 {
		TM {
			0.9554	0.0000	-0.2952
			-0.0000	1.0000	-0.0000
			0.2952	-0.0000	0.9554
			-6.2198	-2.6242	6.0007
		}
		Visibility 1.0000
	}
	Frame 149 {
		TM {
			0.9554	0.0000	-0.2952
			0.0000	1.0000	-0.0000
			0.2952	0.0000	0.9554
			-6.2198	-2.6242	6.0007
		}
		Visibility 1.0000
	}
	Frame 150 {
		TM {
			0.9554	-0.0000	-0.2952
			-0.0000	1.0000	0.0000
			0.2952	-0.0000	0.9554
			-6.2198	-2.6242	6.0007
		}
		Visibility 1.0000
	}
-= Animation: break, Node TrackR =-
	Frame 30 {
		TM {
			1.0000	-0.0000	-0.0000
			0.0000	1.0000	-0.0000
			-0.0000	-0.0000	-1.0000
			0.3736	1.5513	-1.7708
		}
		Visibility 1.0000
	}
	Frame 31 {
		TM {
			1.0000	-0.0000	-0.0000
			0.0000	1.0000	-0.0000
			-0.0000	-0.0000	-1.0000
			0.3736	1.5513	-1.7708
		}
		Visibility 1.0000
	}
	Frame 32 {
		TM {
			1.0000	-0.0000	-0.0000
			0.0000	1.0000	-0.0000
			-0.0000	-0.0000	-1.0000
			0.3736	1.5513	-1.7708
		}
		Visibility 1.0000
	}
	Frame 33 {
		TM {
			1.0000	-0.0000	-0.0000
			0.0000	1.0000	-0.0000
			-0.0000	-0.0000	-1.0000
			0.3736	1.5513	-1.7708
		}
		Visibility 1.0000
	}
	Frame 34 {
		TM {
			1.0000	-0.0000	-0.0000
			0.0000	1.0000	-0.0000
			-0.0000	-0.0000	-1.0000
			0.3736	1.5513	-1.7708
		}
		Visibility 1.0000
	}
	Frame 35 {
		TM {
			1.0000	-0.0000	-0.0000
			0.0000	1.0000	-0.0000
			-0.0000	-0.0000	-1.0000
			0.3736	1.5513	-1.7708
		}
		Visibility 1.0000
	}
	Frame 36 {
		TM {
			1.0000	-0.0000	-0.0000
			0.0000	1.0000	-0.0000
			-0.0000	-0.0000	-1.0000
			0.3736	1.5513	-1.7708
		}
		Visibility 1.0000
	}
	Frame 37 {
		TM {
			1.0000	-0.0000	-0.0000
			0.0000	1.0000	-0.0000
			-0.0000	-0.0000	-1.0000
			0.3736	1.5513	-1.7708
		}
		Visibility 1.0000
	}
	Frame 38 {
		TM {
			1.0000	-0.0000	-0.0000
			0.0000	1.0000	-0.0000
			-0.0000	-0.0000	-1.0000
			0.3736	1.5513	-1.7708
		}
		Visibility 1.0000
	}
	Frame 39 {
		TM {
			1.0000	-0.0000	-0.0000
			0.0000	1.0000	-0.0000
			-0.0000	-0.0000	-1.0000
			0.3736	1.5513	-1.7708
		}
		Visibility 1.0000
	}
	Frame 40 {
		TM {
			1.0000	-0.0000	-0.0000
			0.0000	1.0000	-0.0000
			-0.0000	-0.0000	-1.0000
			0.3736	1.5513	-1.7708
		}
		Visibility 1.0000
	}
	Frame 41 {
		TM {
			1.0000	-0.0000	-0.0000
			0.0000	1.0000	-0.0000
			-0.0000	-0.0000	-1.0000
			0.3736	1.5513	-1.7708
		}
		Visibility 1.0000
	}
	Frame 42 {
		TM {
			1.0000	-0.0000	-0.0000
			0.0000	1.0000	-0.0000
			-0.0000	-0.0000	-1.0000
			0.3736	1.5513	-1.7708
		}
		Visibility 1.0000
	}
	Frame 43 {
		TM {
			1.0000	-0.0000	-0.0000
			0.0000	1.0000	-0.0000
			-0.0000	-0.0000	-1.0000
			0.3736	1.5513	-1.7708
		}
		Visibility 1.0000
	}
	Frame 44 {
		TM {
			1.0000	-0.0000	-0.0000
			0.0000	1.0000	-0.0000
			-0.0000	-0.0000	-1.0000
			0.3736	1.5513	-1.7708
		}
		Visibility 1.0000
	}
	Frame 45 {
		TM {
			1.0000	-0.0000	-0.0000
			0.0000	1.0000	-0.0000
			-0.0000	-0.0000	-1.0000
			0.3736	1.5513	-1.7708
		}
		Visibility 1.0000
	}
	Frame 46 {
		TM {
			1.0000	-0.0000	-0.0000
			0.0000	1.0000	-0.0000
			-0.0000	-0.0000	-1.0000
			0.3736	1.5513	-1.7708
		}
		Visibility 1.0000
	}
	Frame 47 {
		TM {
			1.0000	-0.0000	-0.0000
			0.0000	1.0000	-0.0000
			-0.0000	-0.0000	-1.0000
			0.3736	1.5513	-1.7708
		}
		Visibility 1.0000
	}
	Frame 48 {
		TM {
			1.0000	-0.0000	-0.0000
			0.0000	1.0000	-0.0000
			-0.0000	-0.0000	-1.0000
			0.3736	1.5513	-1.7708
		}
		Visibility 1.0000
	}
	Frame 49 {
		TM {
			1.0000	-0.0000	-0.0000
			0.0000	1.0000	-0.0000
			-0.0000	-0.0000	-1.0000
			0.3736	1.5513	-1.7708
		}
		Visibility 1.0000
	}
	Frame 50 {
		TM {
			1.0000	-0.0000	-0.0000
			0.0000	1.0000	-0.0000
			-0.0000	-0.0000	-1.0000
			0.3736	1.5513	-1.7708
		}
		Visibility 1.0000
	}
	Frame 51 {
		TM {
			1.0000	-0.0000	-0.0000
			0.0000	1.0000	-0.0000
			-0.0000	-0.0000	-1.0000
			0.3736	1.5513	-1.7708
		}
		Visibility 1.0000
	}
	Frame 52 {
		TM {
			1.0000	-0.0000	-0.0000
			0.0000	1.0000	-0.0000
			-0.0000	-0.0000	-1.0000
			0.3736	1.5513	-1.7708
		}
		Visibility 1.0000
	}
	Frame 53 {
		TM {
			1.0000	-0.0000	-0.0000
			0.0000	1.0000	-0.0000
			-0.0000	-0.0000	-1.0000
			0.3736	1.5513	-1.7708
		}
		Visibility 1.0000
	}
	Frame 54 {
		TM {
			1.0000	-0.0000	-0.0000
			0.0000	1.0000	-0.0000
			-0.0000	-0.0000	-1.0000
			0.3736	1.5513	-1.7708
		}
		Visibility 1.0000
	}
	Frame 55 {
		TM {
			1.0000	-0.0000	-0.0000
			0.0000	1.0000	-0.0000
			-0.0000	-0.0000	-1.0000
			0.3736	1.5513	-1.7708
		}
		Visibility 1.0000
	}
	Frame 56 {
		TM {
			1.0000	-0.0000	-0.0000
			0.0000	1.0000	-0.0000
			-0.0000	-0.0000	-1.0000
			0.3736	1.5513	-1.7708
		}
		Visibility 1.0000
	}
	Frame 57 {
		TM {
			1.0000	-0.0000	-0.0000
			0.0000	1.0000	-0.0000
			-0.0000	-0.0000	-1.0000
			0.3736	1.5513	-1.7708
		}
		Visibility 1.0000
	}
	Frame 58 {
		TM {
			1.0000	-0.0000	-0.0000
			0.0000	1.0000	-0.0000
			-0.0000	-0.0000	-1.0000
			0.3736	1.5513	-1.7708
		}
		Visibility 1.0000
	}
	Frame 59 {
		TM {
			1.0000	-0.0000	-0.0000
			0.0000	1.0000	-0.0000
			-0.0000	-0.0000	-1.0000
			0.3736	1.5513	-1.7708
		}
		Visibility 1.0000
	}
	Frame 60 {
		TM {
			1.0000	-0.0000	-0.0000
			0.0000	1.0000	-0.0000
			-0.0000	-0.0000	-1.0000
			0.3736	1.5513	-1.7708
		}
		Visibility 1.0000
	}
	Frame 61 {
		TM {
			1.0000	-0.0000	-0.0000
			0.0000	1.0000	-0.0000
			-0.0000	-0.0000	-1.0000
			0.3736	1.5513	-1.7708
		}
		Visibility 1.0000
	}
	Frame 62 {
		TM {
			1.0000	-0.0000	-0.0000
			0.0000	1.0000	-0.0000
			-0.0000	-0.0000	-1.0000
			0.3736	1.5513	-1.7708
		}
		Visibility 1.0000
	}
	Frame 63 {
		TM {
			1.0000	-0.0000	-0.0000
			0.0000	1.0000	-0.0000
			-0.0000	-0.0000	-1.0000
			0.3736	1.5513	-1.7708
		}
		Visibility 1.0000
	}
	Frame 64 {
		TM {
			1.0000	-0.0000	-0.0000
			0.0000	1.0000	-0.0000
			-0.0000	-0.0000	-1.0000
			0.3736	1.5513	-1.7708
		}
		Visibility 1.0000
	}
	Frame 65 {
		TM {
			1.0000	-0.0000	-0.0000
			0.0000	1.0000	-0.0000
			-0.0000	-0.0000	-1.0000
			0.3736	1.5513	-1.7708
		}
		Visibility 1.0000
	}
	Frame 66 {
		TM {
			1.0000	-0.0000	-0.0000
			0.0000	1.0000	-0.0000
			-0.0000	-0.0000	-1.0000
			0.3736	1.5513	-1.7708
		}
		Visibility 1.0000
	}
	Frame 67 {
		TM {
			1.0000	-0.0000	-0.0000
			0.0000	1.0000	-0.0000
			-0.0000	-0.0000	-1.0000
			0.3736	1.5513	-1.7708
		}
		Visibility 1.0000
	}
	Frame 68 {
		TM {
			1.0000	-0.0000	-0.0000
			0.0000	1.0000	-0.0000
			-0.0000	-0.0000	-1.0000
			0.3736	1.5513	-1.7708
		}
		Visibility 1.0000
	}
	Frame 69 {
		TM {
			1.0000	-0.0000	-0.0000
			0.0000	1.0000	-0.0000
			-0.0000	-0.0000	-1.0000
			0.3736	1.5513	-1.7708
		}
		Visibility 1.0000
	}
	Frame 70 {
		TM {
			1.0000	-0.0000	-0.0000
			0.0000	1.0000	-0.0000
			-0.0000	-0.0000	-1.0000
			0.3736	1.5513	-1.7708
		}
		Visibility 1.0000
	}
	Frame 71 {
		TM {
			1.0000	-0.0000	-0.0000
			0.0000	1.0000	-0.0000
			-0.0000	-0.0000	-1.0000
			0.3736	1.5513	-1.7708
		}
		Visibility 1.0000
	}
	Frame 72 {
		TM {
			1.0000	-0.0000	-0.0000
			0.0000	1.0000	-0.0000
			-0.0000	-0.0000	-1.0000
			0.3736	1.5513	-1.7708
		}
		Visibility 1.0000
	}
	Frame 73 {
		TM {
			1.0000	-0.0000	-0.0000
