;Exported by: butyvsky
;Date:        Wed May 17 16:55:57 2006
;File:        D:\-Projects-\-3D Work-\Car\Kubel\Kubel\3d Model\Kubel_x.max
{Skeleton
	{bone "basis"
		{parameters "SteerMax=35;WheelRadius=0.2;"}
		{Orientation
			1	0	0
			0	-1	0
			0	0	1
		}
		{bone "body"
			{parameters "CommonMesh;ID=body;"}
			{Matrix34
				-0.999817	0	-0.0191247
				-0.0190889	-0.0611767	0.997944
				-0.00116984	0.998127	0.0611655
				-0.523613	0.00700401	0.954297
			}
			{VolumeView "body.ply"}
			{bone "detail6"
				{parameters "ID=body;"}
				{Position 22.6322	18.5229	12.9018}
				{VolumeView "detail6.ply"}
			}
			{bone "detail5"
				{parameters "ID=body;"}
				{Position 20.3203	19.1404	-12.8532}
				{VolumeView "detail5.ply"}
			}
			{bone "detail2"
				{parameters "ID=body;"}
				{Position -24.0175	16.2815	9.01776}
				{VolumeView "detail2.ply"}
			}
			{bone "engine"
				{parameters "CommonMesh;ID=engine;"}
				{animation
					{sequence "break" {file "engine_b.anm"} {speed 0.8}}
				}
				{Matrix34
					0.981348	0.191209	-0.0198716
					-0.190698	0.981329	0.0250569
					0.0242917	-0.0208001	0.999489
					30.5277	20.3474	-0.0973206
				}
				{VolumeView "engine.ply"}
				{bone "detail3"
					{parameters "ID=engine;"}
					{Matrix34
						-0.996195	-0.0871556	0
						-0.0871557	0.996195	0
						0	0	-1
						2.79699	-1.01852	0.0158889
					}
					{VolumeView "detail3.ply"}
				}
			}
			{bone "seat02"
				{Matrix34
					-0.904345	0.421703	0.0657725
					0.0596102	-0.0277964	0.997835
					0.422618	0.906308	0
					6.4627	3.88088	-4.58171
				}
			}
			{bone revolute "steer_b"
				{Matrix34
					0.296384	-0.955069	0
					0	0	1
					-0.955069	-0.296384	0
					-12.6467	17.321	4.04354
				}
				{bone "wheel_hand"
					{parameters "ID=body;"}
					{Matrix34
						0	-1	0
						-0.999236	0	-0.0390954
						0.0390958	0	-0.999235
						0.0466974	0.00267785	-1.35498
					}
					{VolumeView "wheel_hand.ply"}
				}
			}
			{bone "doorl"
				{parameters "ID=body;"}
				{Position -0.942748	14.9925	10.5306}
				{LODView
					{VolumeView "doorl.ply"}
					{VolumeView "doorl_lod1.ply"}
				}
				{bone "enumerator"
					{Matrix34
						0.999992	-0.00398318	0
						0.00397239	0.997273	-0.0736989
						0.00029308	0.0736983	0.997281
						-4.42613	-0.282399	0.363392
					}
					{VolumeView "enumerator.ply"}
				}
			}
			{bone "doorl1"
				{parameters "ID=body;"}
				{Position 0.106204	14.9829	10.5374}
				{LODView
					{VolumeView "doorl1.ply"}
					{VolumeView "doorl1_lod1.ply"}
				}
			}
			{bone "doorr"
				{parameters "ID=body;"}
				{Position -0.922605	14.9934	-10.7259}
				{LODView
					{VolumeView "doorr.ply"}
					{VolumeView "doorr_lod1.ply"}
				}
				{bone "enumerator1"
					{Matrix34
						-0.999992	0.00398318	0
						0.00397233	0.997273	0.0736994
						0.000293884	0.0736988	-0.997281
						-4.44628	-0.283299	-0.421005
					}
					{VolumeView "enumerator1.ply"}
				}
			}
			{bone "doorr1"
				{parameters "ID=body;"}
				{Position 0.319358	14.9825	-10.7234}
				{LODView
					{VolumeView "doorr1.ply"}
					{VolumeView "doorr1_lod1.ply"}
				}
			}
			{bone "glass"
				{Matrix34
					0	0	1
					0.480464	0.877014	0
					-0.877014	0.480464	0
					-12.5953	24.0285	-0.0626277
				}
				{VolumeView "glass.ply"}
			}
			{bone "headlightr"
				{Matrix34
					-1	0	0
					0	0	1
					0	1	0
					-30.7343	15.3021	-10.3457
				}
			}
			{bone "headlightl"
				{Matrix34
					-1	0	0
					0	0	1
					0	1	0
					-30.7254	15.3021	10.5931
				}
			}
			{bone "shield"
				{parameters "CommonMesh;ID=shield;"}
				{animation
					{sequence "break" {file "shield_b.anm"} {speed 0.8}}
				}
				{Matrix34
					-0.996195	-0.0871556	0
					-0.0871556	0.996195	0
					0	0	-1
					9.81554	0	0.0166911
				}
				{VolumeView "shield.ply"}
			}
			{bone "detail4"
				{parameters "ID=body;"}
				{Matrix34
					-0.996195	-0.0871556	0
					-0.0871556	0.996195	0
					0	0	-1
					33.3247	19.3288	-0.0814323
				}
				{VolumeView "detail4.ply"}
			}
			{bone "detail1"
				{parameters "ID=body;"}
				{Matrix34
					0.766044	0.642788	0
					0.642788	-0.766044	0
					0	0	1
					-27.0738	17.9507	-0.0773143
				}
				{VolumeView "detail1.ply"}
			}
		}
		{bone "pivot_front"
			{Matrix34
				-1	0	0
				0	0	1
				0	1	0
				24.3226	0.116325	4.27343
			}
			{VolumeView "pivot_front.ply"}
			{bone revolute "steer_l1"
				{Matrix34
					1	0	0
					0	0	1
					0	-1	0
					0.24428	-0.448511	11.105
				}
				{bone "fxtracel1"
					{Matrix34
						-1	0	0
						0	1	0
						0	0	-1
						-0.174904	2.08838	3.80067
					}
					{bone revolute "wheelleft1"
						{parameters "ID=wheelleft1;"}
						{Matrix34
							-1	0	0
							0	0	1
							0	1	0
							0.0111427	-0.406411	4.79569
						}
						{VolumeView "wheelleft1.ply"}
					}
				}
			}
			{bone revolute "steer_r1"
				{Matrix34
					1	0	0
					0	0	1
					0	-1	0
					0.22768	-0.458297	-11.6262
				}
				{bone "fxtracer1"
					{Matrix34
						-1	0	0
						0	1	0
						0	0	-1
						-0.158308	-2.47707	3.79089
					}
					{bone revolute "wheelright1"
						{parameters "ID=wheelright1;"}
						{Matrix34
							-1	0	0
							0	0	1
							0	1	0
							0.0111526	0.957515	4.20732
						}
						{VolumeView "wheelright1.ply"}
					}
				}
			}
		}
		{bone "pivot_back"
			{Matrix34
				-1	0	0
				0	0	1
				0	1	0
				-21.3655	0.0662655	4.00134
			}
			{VolumeView "pivot_back.ply"}
			{bone revolute "spring_l2"
				{Matrix34
					1	0	0
					0	0	1
					0	-1	0
					0.0520628	0.0773487	11.1551
				}
				{bone "fxtracel2"
					{Matrix34
						-1	0	0
						0	1	0
						0	0	-1
						5.36527	2.08838	4.27545
					}
					{bone revolute "wheelleft2"
						{parameters "ID=wheelleft2;"}
						{Matrix34
							-1	0	0
							0	0	1
							0	1	0
							5.35207	-0.406406	4.16922
						}
						{VolumeView "wheelleft2.ply"}
					}
				}
			}
			{bone revolute "spring_r2"
				{Matrix34
					0.996195	-0.087156	0
					0	0	1
					-0.087156	-0.996195	0
					0.0354635	0.067563	-11.5762
				}
				{bone "fxtracer2"
					{Matrix34
						-0.996195	0	0.0871561
						0	1	0
						-0.0871561	0	-0.996195
						5.73316	-2.47707	3.78037
					}
					{bone revolute "wheelright2"
						{parameters "ID=wheelright2;"}
						{Matrix34
							-1	0	0
							0	0	1
							0	1	0
							5.36867	0.95752	3.90141
						}
						{VolumeView "wheelright2.ply"}
					}
				}
			}
		}
	}
}
{Volume "glass"
	{Box 0.723492 21.4437 8.94265}
	{Bone "glass"}
	{Matrix34
		0	0.0220952	0.999756
		1	0	0
		0	0.999756	-0.022095
		-0.0157462	0.15431	0.275109
	}
}
{Volume "wheelleft1"
	{Cylinder 4.92126 3.1398}
	{Bone "wheelleft1"}
	{Position 0	0	0}
}
{Volume "wheelleft2"
	{Cylinder 4.26263 3.1398}
	{Bone "wheelleft2"}
	{Position 0.247983	0.074853	-0.0240065}
}
{Volume "wheelright1"
	{Cylinder 4.99339 3.1398}
	{Bone "wheelright1"}
	{Position 0	0.494469	0.0733725}
}
{Volume "wheelright2"
	{Cylinder 4.38608 3.1398}
	{Bone "wheelright2"}
	{Position 0	0.423752	0}
}
