;Exported by: butyvsky
;Date:        Wed May 17 15:50:24 2006
;File:        D:\-Projects-\-3D Work-\Car\gms\gmc_newcabin_x.max
{Skeleton
	{bone "basis"
		{Orientation
			1	0	0
			0	-1	0
			0	0	1
		}
		{bone "body"
			{parameters "ID=body;"}
			{Position 0	0	29.8586}
			{VolumeView "body.ply"}
			{bone "shield_front"
				{parameters "CommonMesh;ID=shield_front;"}
				{animation
					{sequence "break" {file "shield_b.anm"} {speed 0.6}}
				}
				{Position -28.0019	1.33877	1.01636}
				{VolumeView "shield_front.ply"}
			}
			{bone "engine"
				{parameters "CommonMesh;"}
				{animation
					{sequence "break" {file "engine_b.anm"} {speed 0.5}}
				}
				{Position 34.1315	-0.369154	-6.77495}
				{VolumeView "engine.ply"}
			}
			{bone "cabin"
				{parameters "ID=cabin;"}
				{animation
					{sequence "break" {file "cabine.anm"} {speed 0.5}}
				}
				{Matrix34
					0.99986	0	0.0167505
					-0.0167505	0	0.99986
					0	-1	0
					21.6028	0.424994	-0.85228
				}
				{VolumeView "cabin.ply"}
				{bone "doorl"
					{parameters "ID=cabine;"}
					{Position 7.38373	-0.0971713	-12.9781}
					{VolumeView "doorl.ply"}
				}
				{bone "glass"
					{Position 7.35144	7.71296	0.22633}
					{VolumeView "glass.ply"}
				}
				{bone "doorr"
					{parameters "ID=cabine;"}
					{Matrix34
						0.999101	-0.0423953	0
						0	0	-1
						0.0423953	0.999101	0
						7.34714	-0.447555	13.1513
					}
					{VolumeView "doorr.ply"}
				}
			}
			{bone "enumerator"
				{Matrix34
					-0.00872396	-0.999962	0
					0.073696	-0.000642946	0.997281
					-0.997243	0.00870024	0.0736988
					-64.3215	-9.79339	-8.58908
				}
				{VolumeView "enumerator.ply"}
			}
		}
		{bone "pivot_back"
			{parameters "ID=body;"}
			{Position -47.7962	-2.49693	9.14454}
			{VolumeView "pivot_back.ply"}
			{bone revolute "spring_l"
				{Matrix34
					0.999847	0	0.0175169
					0	1	0
					-0.0175169	0	0.999847
					-0.727226	12.0909	-1.37202
				}
				{bone revolute "wheell2"
					{parameters "ID=wheelleft2;"}
					{Matrix34
						-0.999847	0	0.0175167
						0.0175005	0.0429312	0.998925
						-0.000751859	0.999078	-0.0429245
						23.1804	6.5613	0.880021
					}
					{VolumeView "wheell2.ply"}
				}
				{bone revolute "wheell3"
					{parameters "ID=wheelleft3;"}
					{Matrix34
						-0.999847	0	0.0175167
						0.0174888	-0.0563651	0.998257
						0.000987476	0.99841	0.0563563
						1.35419	6.5613	1.26241
					}
					{VolumeView "wheell3.ply"}
				}
			}
			{bone revolute "spring_r"
				{Matrix34
					0.999847	0	0.0175169
					0	1	0
					-0.0175169	0	0.999847
					-0.733818	-10.6728	-1.62397
				}
				{bone revolute "wheelr2"
					{parameters "ID=wheelright2;"}
					{Matrix34
						0.996732	-0.0788643	-0.0174626
						-0.0238832	-0.0812202	-0.99641
						0.0771629	0.993571	-0.0828383
						23.1915	-2.35903	1.13181
					}
					{VolumeView "wheelr2.ply"}
				}
				{bone revolute "wheelr3"
					{parameters "ID=wheelright3;"}
					{Matrix34
						0.999847	0	-0.0175171
						-0.0175171	0	-0.999847
						0	1	0
						1.19306	-2.35903	1.51722
					}
					{VolumeView "wheelr3.ply"}
				}
			}
		}
		{bone "pivot_front"
			{parameters "ID=body;"}
			{Position 45.515	0.11078	9.14454}
			{VolumeView "pivot_front.ply"}
			{bone revolute "steer_l"
				{Matrix34
					-0.999848	0	0.0174524
					0	1	0
					-0.0174524	0	-0.999848
					0.0985069	14.8029	-1.93756
				}
				{bone revolute "wheell1"
					{parameters "ID=wheelleft1;"}
					{Matrix34
						0.999848	0	0.017452
						0.017452	0	-0.999848
						0	1	0
						0.319985	3.33408	-1.84617
					}
					{VolumeView "wheell1.ply"}
				}
			}
			{bone revolute "steer_r"
				{Matrix34
					-1	0	0
					0	1	0
					0	0	-1
					0.111965	-14.917	-1.94665
				}
				{bone revolute "wheelr1"
					{parameters "ID=wheelright1;"}
					{Matrix34
						-1	0	0
						0	0	1
						0	1	0
						0.301183	-2.87776	-1.86057
					}
					{VolumeView "wheelr1.ply"}
				}
			}
		}
	}
}
{Volume "wheelleft1"
	{Cylinder 6.29921 4.95941}
	{Bone "wheell1"}
	{Matrix34
		-0.719384	-0.689585	-0.0834183
		-0.694612	0.714178	0.0863944
		0	0.120093	-0.992763
		0	0.00618069	-0.0510866
	}
}
{Volume "wheelleft2"
	{Cylinder 6.29921 8.94553}
	{Bone "wheell2"}
	{Matrix34
		-0.999847	0.0175004	-0.000751494
		0.0175165	0.998925	-0.0429262
		0	-0.0429334	-0.999078
		0	0	0
	}
}
{Volume "wheelleft3"
	{Cylinder 6.29921 8.94553}
	{Bone "wheell3"}
	{Matrix34
		-0.999847	0.0174887	0.000988007
		0.0175166	0.998257	0.0563542
		0	0.0563633	-0.99841
		0.169792	0	0
	}
}
{Volume "wheelright1"
	{Cylinder 6.29921 4.32863}
	{Bone "wheelr1"}
	{Matrix34
		0.694612	0.719384	0
		-0.719384	0.694612	0
		0	0	1
		0	0	-0.119305
	}
}
{Volume "wheelright2"
	{Cylinder 6.29921 8.94553}
	{Bone "wheelr2"}
	{Matrix34
		-0.996733	0.0238825	-0.0771621
		0.017462	0.99641	0.0828361
		0.0788634	0.0812183	-0.993571
		-0.00302237	-0.0031281	0.0378744
	}
}
{Volume "wheelright3"
	{Cylinder 6.29921 8.94553}
	{Bone "wheelr3"}
	{Matrix34
		-0.999847	0.0175164	0
		0.0175163	0.999847	0
		0	0	-1
		0.00235779	-3.33165e-005	0.0381193
	}
}
