;Exported by: IROKEZ
;Date:        Sun Oct 20 23:00:34 2013
;File:        F:\My Job\3D's max\scenes\su122\su122_xx.max
{Skeleton
	{bone revolute "basis"
		{Orientation
			1	0	0
			0	-1	0
			0	0	1
		}
		{bone "wheelsr"
			{parameters "ID=trackright;"}
			{Position 2.06141	-21.1768	9.41742}
			{VolumeView "wheelsr.ply"}
			{bone "trackr"
				{parameters "CommonMesh;ID=trackright;"}
				{Matrix34
					-1	0	0
					0	0	1
					0	1	0
					-4.43326	-2.91951	0.607299
				}
				{VolumeView "trackr.ply"}
			}
		}
		{bone "wheelsl"
			{parameters "ID=trackleft;"}
			{Position 2.06141	21.1768	9.41741}
			{VolumeView "wheelsl.ply"}
			{bone "trackl"
				{parameters "CommonMesh;ID=trackleft;"}
				{Matrix34
					-1	0	0
					0	0	1
					0	1	0
					-4.47404	2.91993	0.607306
				}
				{VolumeView "trackl.ply"}
			}
		}
		{bone "body"
			{parameters "ID=body;"}
			{Matrix34
				0.999945	0	-0.0104718
				-5.48299e-005	0.999986	-0.00523568
				0.0104716	0.00523597	0.999931
				-0.71623	0	20.5126
			}
			{VolumeView "body.ply"}
			{bone revolute "wheell1"
				{parameters "ID=trackleft;"}
				{Matrix34
					1	0	0
					0	0	-1
					0	1	0
					49.6608	24.1951	-6.29723
				}
				{VolumeView "wheell1.ply"}
			}
			{bone revolute "wheelr7"
				{parameters "ID=trackright;"}
				{Matrix34
					1	0	0
					0	0	-1
					0	-1	0
					-52.1053	-24.5186	-8.30811
				}
				{VolumeView "wheelr7.ply"}
			}
			{bone "part4"
				{parameters "ID=body;"}
				{Matrix34
					-0.422618	0	-0.906308
					0	1	0
					0.906308	0	-0.422618
					10.9859	-6.5158	19.5288
				}
				{VolumeView "part4.ply"}
			}
			{bone "engine"
				{parameters "ID=engine;"}
				{Position -25.2721	0	-3.19532}
				{VolumeView "engine.ply"}
				{bone "part2"
					{parameters "ID=engine;"}
					{Matrix34
						-0.34202	0	0.939693
						0	1	0
						-0.939693	0	-0.34202
						-2.193	0	16.4437
					}
					{VolumeView "part2.ply"}
				}
				{bone "part3"
					{parameters "ID=engine;"}
					{Matrix34
						-0.173648	0	0.984808
						0	1	0
						-0.984808	0	-0.173648
						-18.001	0	13.8536
					}
					{VolumeView "part3.ply"}
				}
			}
			{bone "enumerator1"
				{Matrix34
					1	0	0
					0	0.363333	0.93166
					0	-0.931659	0.363333
					5.7301	-21.1042	14.4507
				}
				{VolumeView "enumerator1.ply"}
			}
			{bone revolute "gun_rot1"
				{limits -10 10}
				{Position 28.9655	-2.85802	8.64006}
				{bone revolute "gun_rot"
					{parameters "ID=gun;"}
					{limits -3 25}
					{Matrix34
						0.996195	0	-0.0871558
						0.0871558	0	0.996195
						0	-1	0
						0	0	0
					}
					{VolumeView "gun_rot.ply"}
					{bone "gun"
						{parameters "ID=gun;"}
						{Matrix34
							1	0	0
							0	0	-1
							0	1	0
							30.1908	-1.236	-0.253142
						}
						{VolumeView "gun.ply"}
					}
				}
			}
		}
	}
}
{Volume "body1"
	{Polyhedron "body1.vol"}
	{Bone "body"}
	{Position -29.0473	0	-3.76539}
}
{Volume "body2"
	{Polyhedron "body2.vol"}
	{Bone "body"}
	{Matrix34
		-1	0	0
		0	0	1
		0	1	0
		-29.0473	0	-3.76539
	}
}
{Volume "body3"
	{Polyhedron "body3.vol"}
	{Bone "body"}
	{Position -29.0473	0	-3.76539}
}
{Volume "body4"
	{Polyhedron "body4.vol"}
	{Bone "body"}
	{Position -29.0473	0	-3.76539}
}
{Volume "gun"
	{Cylinder 1.65128 16.7448}
	{Bone "gun"}
	{Matrix34
		0	-1	0
		0	0	-1
		1	0	0
		8.3724	0	0
	}
}
{Volume "mantlet1"
	{Polyhedron "mantlet1.vol"}
	{Bone "body"}
	{Position 33.9744	-2.87883	11.5801}
}
{Volume "mantlet2"
	{Polyhedron "mantlet2.vol"}
	{Bone "gun_rot"}
	{Position 22.5705	-1.8453	-2.85802}
}
{Volume "part2"
	{Box 13.9391 9.90439 0.358457}
	{Bone "part2"}
	{Position 6.8492	-0.110659	-0.356303}
}
{Volume "part3"
	{Polyhedron "part3.vol"}
	{Bone "part3"}
	{Matrix34
		0.999957	-0.00372586	0.00848667
		0.00369448	0.999986	0.00371013
		-0.00850034	-0.00367861	0.999957
		6.4434	-0.339214	-0.146069
	}
}
{Volume "part4"
	{Box 10.4615 13.6547 0.608923}
	{Bone "part4"}
	{Matrix34
		0.999972	0	0.00753215
		0	1	0
		-0.00753191	0	0.999972
		-5.45403	0.899122	-0.446679
	}
}
{Volume "trackleft"
	{Polyhedron "trackleft.vol"}
	{Bone "wheelsl"}
	{Position -4.91061	3.03592	0.731554}
}
{Volume "trackright"
	{Polyhedron "trackright.vol"}
	{Bone "wheelsr"}
	{Position -4.91061	-3.18691	0.73155}
}
