;Exported by: doc
;Date:        Wed Sep 26 22:02:26 2018
;File:        Z:\work\0.KRIS\vehicles2\-stage2\SdKfz 250.1\Sd.kfz 250_1_export_xx.max
{Skeleton
	{bone "basis"
		{Orientation
			1	0	0
			0	-1	0
			0	0	1
		}
		{bone "pivot_front"
			{Position 35.4497	0.0328064	0}
			{bone revolute "steer_l1"
				{Matrix34
					-1	0	0
					0	1	0
					0	0	-1
					-0.000335693	14.7185	8.04513
				}
				{bone "ll"
					{Matrix34
						-1	0	0
						0	1	0
						0	0	-1
						0.0980225	-0.132065	0.476947
					}
				}
			}
			{bone revolute "steer_r1"
				{Matrix34
					-1	0	0
					0	1	0
					0	0	-1
					0	-14.7478	8.04513
				}
				{bone "rr"
					{Matrix34
						-1	0	0
						0	1	0
						0	0	-1
						0.098362	0.0890388	0.47695
					}
				}
			}
		}
		{bone "body"
			{Matrix34
				0.999605	-0.0172106	-0.0222415
				0.0158075	0.997964	-0.0617896
				0.0232597	0.0614136	0.997841
				-1.043	0.0189285	13.9326
			}
			{VolumeView "body.ply"}
			{bone revolute "turret_mgun"
				{limits -40 40}
				{speed 0.03}
				{Position 0.382847	-0.00322866	19.3867}
				{VolumeView "turret_mgun.ply"}
				{bone revolute "mgun_rot"
					{limits -20 40}
					{speed 0.03}
					{Matrix34
						1	0	0
						0	0	1
						0	-1	0
						-0.1159	-0.0157018	2.34639
					}
					{bone revolute "mgun_rot2"
						{limits -15 15}
						{speed 0.03}
						{Matrix34
							1	0	0
							0	0	-1
							0	1	0
							-2.22609	0	0
						}
						{bone "mgun2"
							{Matrix34
								1	0	0
								0	0	1
								0	-1	0
								-0.855154	0	0
							}
						}
					}
				}
			}
			{bone "part1"
				{Matrix34
					0.355403	0	0.934713
					0	1	0
					-0.934713	0	0.355403
					-41.3781	5.93815	8.40654
				}
				{VolumeView "part1.ply"}
			}
			{bone revolute "wheell2"
				{parameters "ID=trackleft;Radius=0.41;"}
				{Matrix34
					1	0	0
					0	0	-1
					0	1	0
					10.1454	16.8595	-4.39137
				}
				{VolumeView "wheell2.ply"}
			}
			{bone revolute "wheell7"
				{parameters "ID=trackleft;Radius=0.41;"}
				{Matrix34
					0.952823	-0.186446	-0.239515
					-0.287402	-0.300406	-0.909481
					0.0976176	0.935411	-0.339818
					-32.7156	17.4075	-4.57997
				}
				{VolumeView "wheell7.ply"}
			}
			{bone revolute "wheelr2"
				{parameters "ID=trackleft;Radius=0.41;"}
				{Matrix34
					0.876423	0.379945	0.295846
					0.106849	0.445618	-0.888824
					-0.469538	0.810596	0.349954
					10.1457	-16.8892	-4.39146
				}
				{VolumeView "wheelr2.ply"}
			}
			{bone revolute "wheelr7"
				{parameters "ID=trackleft;Radius=0.41;"}
				{Matrix34
					0.946243	-0.0886252	0.311079
					0.315682	0.46264	-0.828438
					-0.0704969	0.882106	0.465747
					-32.7152	-17.443	-4.57984
				}
				{VolumeView "wheelr7.ply"}
			}
			{bone "engine"
				{parameters "ID=engine;"}
				{VolumeView "engine.ply"}
				{bone "engine1"
					{parameters "ID=engine;"}
					{Matrix34
						0.962448	-0.253508	-0.0970958
						-0.246016	-0.663316	-0.706744
						0.11476	0.704092	-0.700774
						34.5661	6.34928	10.3643
					}
					{VolumeView "engine1.ply"}
				}
			}
			{bone "part5"
				{Position -0.939824	-8.70822	5.23101}
				{VolumeView "part5.ply"}
			}
			{bone "part4"
				{Position -30.0334	-5.738	14.6697}
				{VolumeView "part4.ply"}
			}
			{bone "part2"
				{Position 40.7532	11.9789	8.00691}
				{VolumeView "part2.ply"}
			}
		}
		{bone "pivot_back"
			{Position -12.1808	0.0328064	0}
		}
		{bone "wheelsr"
			{parameters "ID=trackright;"}
			{Position -8.30503	-12.3863	7.92953}
			{VolumeView "wheelsr.ply"}
			{bone revolute "wheelr3"
				{parameters "ID=trackleft;Radius=0.41;"}
				{Matrix34
					0.970725	0.240123	-0.00589398
					-0.0209964	0.0603848	-0.997954
					-0.239276	0.968863	0.0636587
					4.52418	-5.03781	-0.19772
				}
				{VolumeView "wheelr3.ply"}
			}
			{bone revolute "wheelr4"
				{parameters "ID=trackleft;Radius=0.41;"}
				{Matrix34
					0.925735	-0.378174	0
					0	0	-1
					0.378174	0.925735	0
					-2.66879	-4.42613	-0.287313
				}
				{VolumeView "wheelr4.ply"}
			}
			{bone revolute "wheelr5"
				{parameters "ID=trackleft;Radius=0.41;"}
				{Matrix34
					1	0	0
					0	0	-1
					0	1	0
					-9.63716	-5.03781	-0.197821
				}
				{VolumeView "wheelr5.ply"}
			}
		}
		{bone "wheelsl"
			{parameters "ID=trackleft;"}
			{Position -8.30504	12.423	7.92952}
			{VolumeView "wheelsl.ply"}
			{bone revolute "wheell5"
				{parameters "ID=trackleft;Radius=0.41;"}
				{Matrix34
					0.977608	-0.0471181	-0.205093
					-0.209357	-0.316304	-0.925268
					-0.0212748	0.947487	-0.319086
					-9.63753	5.00346	-0.197902
				}
				{VolumeView "wheell7.ply"}
			}
		}
		{bone "pivot_back"
			{Position -12.1808	0.0328064	0}
		}
	}
}
{Volume "body1"
	{Polyhedron "body1.vol"}
	{Bone "body"}
	{Position 6.18393	0.00922388	15.9274}
}
{Volume "body2"
	{Polyhedron "body2.vol"}
	{Bone "body"}
	{Position -15.5939	15.8548	14.0257}
}
{Volume "body3"
	{Polyhedron "body3.vol"}
	{Bone "body"}
	{Matrix34
		0.999748	0.0208597	-0.00830375
		-0.0224021	0.951393	-0.307163
		0.0014928	0.307271	0.951621
		-15.5514	-16.6089	14.4826
	}
}
{Volume "body4"
	{Polyhedron "body4.vol"}
	{Bone "body"}
	{Matrix34
		0.939693	0	-0.34202
		0	1	0
		0.34202	0	0.939693
		-40.9422	0.00920856	7.03375
	}
}
{Volume "body5"
	{Polyhedron "body5.vol"}
	{Bone "body"}
	{Position -8.15003	0.00924677	1.67551}
}
{Volume "body6"
	{Polyhedron "body6.vol"}
	{Bone "body"}
	{Position -8.21604	0.00922775	7.37423}
}
{Volume "engine1"
	{Polyhedron "engine1.vol"}
	{Bone "engine"}
	{Position 24.8535	0.00365943	9.45611}
}
{Volume "engine2"
	{Polyhedron "engine2.vol"}
	{Bone "engine"}
	{Position 32.8505	0.00365883	-1.11386}
}
{Volume "inventory"
	{Box 21.96 8.58862 1.45758}
	{Bone "body"}
	{Position -17.1177	8.31216	5.88939}
}
{Volume "mgun_shield"
	{Polyhedron "mgun_shield.vol"}
	{Bone "turret_mgun"}
	{Matrix34
		-0.981256	0	-0.192709
		-0.192709	0	0.981256
		0	1	0
		-0.544379	-0.0157017	1.46494
	}
}
{Volume "part1"
	{Polyhedron "part1.vol"}
	{Bone "part1"}
	{Position 0	0	0}
}
{Volume "part2"
	{Polyhedron "part2.vol"}
	{Bone "part2"}
	{Position -1.90735e-005	0	0}
}
{Volume "part4"
	{Box 4.69445 10.8858 4.15545}
	{Bone "part4"}
	{Matrix34
		0	-1	0
		1	0	0
		0	0	1
		-0.0103016	0	0
	}
}
{Volume "part5"
	{Polyhedron "part5.vol"}
	{Bone "part5"}
	{Position 0	0	0}
}
{Volume "sticky"
	{Box 36.6642 9.93283 26.472}
	{Bone "body"}
	{Matrix34
		-1	0	0
		0	0	1
		0	1	0
		-18.414	0.0572128	15.2556
	}
}
