;Exported by: butyvsky
;Date:        Tue Jan 24 17:52:53 2006
;File:        D:\kola\temp\gaz-67b\gaz67b\gaz67_xx.max
{Skeleton
	{bone "basis"
		{parameters "WheelRadius=0.3;"}
		{Orientation
			1	0	0
			0	-1	0
			0	0	1
		}
		{bone "emit1"
			{Matrix34
				0	-1	0
				1	0	0
				0	0	1
				1.89968	25.0811	0
			}
			{visibility 0}
		}
		{bone "emit2"
			{Matrix34
				0	1	0
				-1	0	0
				0	0	1
				-4.1914	-26.9505	0.0580309
			}
			{visibility 0}
		}
		{bone "emit3"
			{Matrix34
				0	-1	0
				1	0	0
				0	0	1
				-20.1246	27.7899	0
			}
			{visibility 0}
		}
		{bone "body"
			{parameters "ID=body;"}
			{Matrix34
				0.996549	0.00526151	-0.0828451
				-0.00153354	0.998986	0.0449988
				0.0829978	-0.0447165	0.995546
				-1.08408	-0.526179	9.43764
			}
			{LODView
				{VolumeView "body.ply"}
				{VolumeView "body_lod1.ply"}
			}
			{bone "headlightr"
				{Position 28.7828	-8.26374	8.09358}
			}
			{bone "headlightl"
				{Position 28.7828	10.1488	8.09358}
			}
			{bone "fxlight"
				{Position 28.7828	0.970574	8.09358}
			}
			{bone "driver"
				{Matrix34
					0.00845569	-0.999963	0.00183098
					0.856997	0.00819025	0.515256
					-0.515251	-0.0027877	0.857035
					-0.998192	5.67316	-5.99537
				}
			}
			{bone "engine"
				{parameters "ID=engine;"}
				{Matrix34
					0.823079	-0.0638956	0.564321
					-0.0191625	0.989961	0.140038
					-0.567604	-0.126076	0.813591
					12.3251	0.308506	12.2763
				}
				{VolumeView "engine.ply"}
			}
			{bone "part4"
				{Position 0	0	0}
				{VolumeView "part4.ply"}
			}
			{bone "part3"
				{Position -30.1965	0.834043	8.99781}
				{VolumeView "part3.ply"}
			}
			{bone "part5"
				{Matrix34
					0.999457	0.031052	0.0109898
					-0.0315189	0.99848	0.0452229
					-0.00956881	-0.0455447	0.998916
					28.5498	1.19564	0.937718
				}
				{VolumeView "part5.ply"}
			}
			{bone "comander"
				{Matrix34
					-0.94739	-0.00674872	-0.320012
					0.00668281	-0.999977	0.00130415
					-0.320013	-0.000903033	0.947413
					0.558439	-7.42314	-7.49972
				}
			}
			{bone "part1"
				{parameters "ID=body;"}
				{VolumeView "part1.ply"}
			}
			{bone "part2"
				{parameters "ID=body;"}
				{Position 26.9976	10.2425	8.09915}
				{VolumeView "part2.ply"}
			}
		}
		{bone "pivot_back"
			{parameters "ID=pivot_back;"}
			{Position -7.43753	0.226909	7.50149}
			{VolumeView "pivot_back.ply"}
			{bone "springr"
				{Matrix34
					1	0	0
					0	0	-1
					0	1	0
					-9.36949	-12.8357	0.269115
				}
				{bone "fxtracer2"
					{Matrix34
						1	0	0
						0	0	1
						0	-1	0
						-0.41009	7.77061	-1.55423
					}
					{bone revolute "wheelright2"
						{parameters "ID=wheelright2;"}
						{Matrix34
							1	0	0
							0	0.173648	-0.984808
							0	0.984808	0.173648
							-0.490345	0.110384	7.52197
						}
						{VolumeView "wheelright2.ply"}
					}
				}
			}
			{bone "springl"
				{Matrix34
					1	0	0
					0	0	-1
					0	1	0
					-9.3695	12.2834	0.269116
				}
				{bone "fxtracel2"
					{Matrix34
						1	0	0
						0	0	1
						0	-1	0
						-0.410089	7.7706	1.9282
					}
					{bone revolute "wheelleft2"
						{parameters "ID=wheelleft2;"}
						{Matrix34
							1	0	0
							0	0	-1
							0	1	0
							-0.595854	0.176991	7.62433
						}
						{VolumeView "wheelleft2.ply"}
					}
				}
			}
		}
		{bone "pivot_front"
			{parameters "ID=pivot_front;"}
			{Matrix34
				1	0	0
				0	0.999953	-0.00967427
				0	0.00967427	0.999953
				23.8309	-0.00975901	7.61328
			}
			{VolumeView "pivot_front.ply"}
			{bone revolute "steerl"
				{Matrix34
					0.996195	0	0.0871557
					0.0871557	0	-0.996195
					0	1	0
					-0.0704152	12.52	-0.125523
				}
				{bone "fxtracel1"
					{Matrix34
						0.996195	0.0871561	0
						0	0	1
						0.087156	-0.996195	0
						-0.968103	7.39261	2.07243
					}
					{bone revolute "wheelleft1"
						{parameters "ID=wheelleft1;"}
						{Matrix34
							0.996195	-0.0841858	0.0225571
							0	0.258819	0.965926
							-0.0871555	-0.96225	0.257834
							-0.341108	0.120975	7.62433
						}
						{VolumeView "wheelleft1.ply"}
					}
				}
			}
			{bone revolute "steerr"
				{Matrix34
					1	0	0
					0	0	-1
					0	1	0
					-0.0704101	-12.5179	-0.125523
				}
				{bone "fxtracer1"
					{Matrix34
						1	0	0
						0	0	1
						0	-1	0
						-0.322842	7.51799	-1.49018
					}
					{bone revolute "wheelright1"
						{parameters "ID=wheelright1;"}
						{Matrix34
							1	0	0
							0	-0.173648	0.984808
							0	-0.984808	-0.173648
							-0.350138	0.182428	7.62433
						}
						{VolumeView "wheelright1.ply"}
					}
				}
			}
		}
	}
}
{Volume "body"
	{Box 31.7797 29.2987 13.8634}
	{Bone "body"}
	{Matrix34
		-1	0	0
		0	-1	0
		0	0	1
		-12.4624	1.36172	5.25234
	}
}
{Volume "engine"
	{Polyhedron "engine.vol"}
	{Bone "engine"}
	{Matrix34
		-0.973872	0.00789585	0.226959
		-0.0075582	-0.999969	0.00235677
		0.226971	0.000579877	0.973901
		6.10889	0.80102	-1.30619
	}
}
{Volume "inventory"
	{Box 11.7809 19.0147 5.58041}
	{Bone "body"}
	{Matrix34
		-1	0	0
		0	-1	0
		0	0	1
		-2.70461	0.215929	1.77125
	}
}
{Volume "part1"
	{Polyhedron "part1.vol"}
	{Bone "part1"}
	{Matrix34
		1	0	0
		0	0.965926	0.258819
		0	-0.258819	0.965926
		-7.92569	-5.51269	5.97235
	}
}
{Volume "part2"
	{Cylinder 2.23247 3.47743}
	{Bone "part2"}
	{Matrix34
		-0.00526106	-0.998986	0.0447162
		-0.0828451	0.0449985	0.995546
		-0.996549	0.00153311	-0.0829978
		0.0639307	0.0429446	-0.114137
	}
}
{Volume "part3"
	{Cylinder 6.99701 2.82219}
	{Bone "part3"}
	{Matrix34
		-0.104416	0	0.994534
		0	1	0
		-0.994533	0	-0.104416
		-0.385074	0.155476	0.354678
	}
}
{Volume "part4"
	{Polyhedron "part4.vol"}
	{Bone "part4"}
	{Matrix34
		-0.998873	0	-0.047455
		0.00516036	-0.99407	-0.108623
		-0.0471737	-0.108745	0.99295
		17.499	-9.68909	-1.20371
	}
}
{Volume "part5"
	{Box 12.811 10.7029 2.59464}
	{Bone "part5"}
	{Matrix34
		0.0292232	0.999567	0.00356147
		-0.0379332	-0.00245146	0.999277
		0.998853	-0.0293372	0.0378451
		0.257736	-0.279784	5.95924
	}
}
{Volume "pivot_front"
	{Box 3.6438 28.5221 3.37817}
	{Bone "pivot_front"}
	{Matrix34
		-1	0	0
		0	-1	0
		0	0	1
		-0.0845678	-0.270149	0.233474
	}
}
{Volume "wheelleft1"
	{Cylinder 7.52439 3.89291}
	{Bone "wheelleft1"}
	{Matrix34
		-0.996195	0	0.0871562
		0.000854589	0.999952	0.0097664
		-0.087152	0.00980348	-0.996147
		0.0557419	-0.116939	0.178753
	}
}
{Volume "wheelleft2"
	{Cylinder 7.67717 4.05512}
	{Bone "wheelleft2"}
	{Matrix34
		-1	0	0
		0	-1	0
		0	0	1
		-0.0350205	0	-0.0879438
	}
}
{Volume "wheelright1"
	{Cylinder 6.75591 4.05512}
	{Bone "wheelright1"}
	{Matrix34
		-1	0	0
		0	0.999997	0.0025715
		0	0.0025716	-0.999997
		-0.0370766	0.337112	-0.178038
	}
}
{Volume "wheelright2"
	{Cylinder 7.11289 4.05512}
	{Bone "wheelright2"}
	{Matrix34
		-1	0	0
		0	-0.99919	-0.0402204
		0	-0.0402203	0.999191
		0.102456	-0.368509	0.202976
	}
}
