;Exported by: Anna
;Date:        Wed Jun 12 13:06:03 2019
;File:        G:\svn\project_2\Work\_3D\a.rotenberg\tents\tent_big_xx.max
{Skeleton
	{bone "tent_big_basis_xx"
		{Orientation
			1	0	0
			0	-1	0
			0	0	1
		}
		{VolumeView "tent_big_basis_xx.ply"}
		{bone "land1"
			{parameters "Land;Ground;"}
			{visibility 0}
			{VolumeView "land1.ply" {Ground}}
		}
		{bone "tent_big_walls_xx"
			{VolumeView "tent_big_walls_xx.ply"}
		}
		{bone "tent_big_rods_xx"
			{VolumeView "tent_big_rods_xx.ply"}
		}
		{bone "window1"
			{Position 0	-133.707	0}
			{VolumeView "window1.ply"}
		}
		{bone "window2"
			{Matrix34
				0.93904	-0.30245	0.163487
				0.313825	0.948252	-0.0482906
				-0.140422	0.0966532	0.985363
				-55.7246	166.453	21.9253
			}
			{VolumeView "window2.ply"}
		}
		{bone "window3"
			{Matrix34
				-0.220465	0.0199617	-0.975191
				-0.595325	0.789218	0.150742
				0.772647	0.613789	-0.162111
				6.47829	151.964	6.8407
			}
			{VolumeView "window3.ply"}
		}
		{bone "tent_big_roof_xx"
			{Matrix34
				0.998517	-0.0282158	-0.0465654
				0.0256265	0.998141	-0.0552963
				0.0480391	0.0540209	0.997384
				-11.3084	-533.538	14.1334
			}
			{VolumeView "tent_big_roof_xx.ply"}
		}
	}
}
{Obstacle "body10"
	{Obb2
		{Center -118.536 -185.985}
		{Extent 5.3132 1.95116}
		{Axis 0.848198 0.529679}
	}
	{Rotate}
	{Tags  "body"}
	{Rotate}
}
{Obstacle "body11"
	{Obb2
		{Center -122.314 -133.837}
		{Extent 11.4043 1.71049}
		{Axis 0.970326 0.241802}
	}
	{Rotate}
	{Tags  "body"}
	{Rotate}
}
{Obstacle "body13"
	{Obb2
		{Center -4.11207 172.853}
		{Extent 4.61598 2.07166}
		{Axis 0.391277 0.920273}
	}
	{Rotate}
	{Tags  "body"}
	{Rotate}
}
{Obstacle "body14"
	{Obb2
		{Center 0.0862503 171.762}
		{Extent 6.80594 1.69806}
		{Axis 0.956349 0.292228}
	}
	{Rotate}
	{Tags  "body"}
	{Rotate}
}
{Obstacle "body16"
	{Obb2
		{Center 116.973 -118.327}
		{Extent 1.68167 1.38974}
		{Axis 1 0}
	}
	{Rotate}
	{Tags  "body"}
	{Rotate}
}
{Obstacle "body19"
	{Obb2
		{Center -58.4172 -178.01}
		{Extent 11.8829 1.57845}
		{Axis 0.992554 0.121808}
	}
	{Rotate}
	{Tags  "body"}
	{Rotate}
}
{Obstacle "body1"
	{Obb2
		{Center 57.076 -177.382}
		{Extent 62.8772 4.22527}
		{Axis 1 0}
	}
	{Rotate}
	{Tags  "body"}
	{Rotate}
}
{Obstacle "body23"
	{Obb2
		{Center 109.182 -65.1855}
		{Extent 9.97874 2.15498}
		{Axis 0.829206 0.558943}
	}
	{Rotate}
	{Tags  "body"}
	{Rotate}
}
{Obstacle "body2"
	{Obb2
		{Center -117.184 146.379}
		{Extent 5.2818 30.5939}
		{Axis 0.998631 0.0523094}
	}
	{Rotate}
	{Tags  "body"}
	{Rotate}
}
{Obstacle "body3"
	{Obb2
		{Center -88.8031 175.965}
		{Extent 4.05357 32.8258}
		{Axis 0.0531046 0.998589}
	}
	{Rotate}
	{Tags  "body"}
	{Rotate}
}
{Obstacle "body41"
	{Obb2
		{Center -52.5493 -164.888}
		{Extent 0.65638 9.36047}
		{Axis 0.788218 0.615396}
	}
	{Rotate}
	{Tags  "body"}
	{Rotate}
}
{Obstacle "body9"
	{Obb2
		{Center -115.896 62.9848}
		{Extent 8.93101 1.77433}
		{Axis 0.906401 0.422418}
	}
	{Rotate}
	{Tags  "body"}
	{Rotate}
}
{Area "interior"
	{Obb2
		{Center -7.62939e-06 7.62939e-06}
		{Extent 118.11 175.689}
		{Axis -1 0}
	}
	{Rotate}
}
{Volume "body10"
	{Box 3.30379 2.77948 46.2598}
	{Bone "tent_big_basis_xx"}
	{Matrix34
		0.980857	-0.145576	-0.129333
		0.153891	0.986456	0.0567563
		0.119319	-0.075573	0.989976
		-118.536	185.985	22.8981
	}
}
{Volume "body11"
	{Box 3.30379 2.77948 46.2598}
	{Bone "tent_big_basis_xx"}
	{Matrix34
		0.909871	-0.043633	-0.41259
		0.0823224	0.993669	0.0764589
		0.406642	-0.103533	0.907702
		-122.314	133.837	20.9951
	}
}
{Volume "body12"
	{Box 3.30379 2.77948 63.8386}
	{Bone "tent_big_basis_xx"}
	{Matrix34
		0.999029	0.00105897	-0.0440424
		-0.00091134	0.999994	0.00337186
		0.0440457	-0.00332846	0.999024
		-58.5005	-174.195	31.8881
	}
}
{Volume "body13"
	{Box 3.30379 2.77948 36.388}
	{Bone "tent_big_basis_xx"}
	{Matrix34
		0.998236	-0.00292548	0.0593057
		0.0110043	0.990599	-0.136359
		-0.0583492	0.136771	0.988883
		-4.11207	-172.853	17.9917
	}
}
{Volume "body14"
	{Box 3.30379 2.77948 41.1184}
	{Bone "tent_big_basis_xx"}
	{Matrix34
		0.966751	-0.0946067	-0.237576
		0.108405	0.993057	0.0456728
		0.231606	-0.0699087	0.970295
		0.0862546	-171.762	55.9325
	}
}
{Volume "body15"
	{Box 3.30379 2.77948 46.2598}
	{Bone "tent_big_basis_xx"}
	{Matrix34
		0.999999	0	-0.00128736
		0	1	0
		0.00128736	0	0.999999
		116.973	176.714	23.1299
	}
}
{Volume "body16"
	{Box 3.30379 2.77948 46.2598}
	{Bone "tent_big_basis_xx"}
	{Matrix34
		0.999999	0	-0.00128736
		0	1	0
		0.00128736	0	0.999999
		116.973	118.327	23.1299
	}
}
{Volume "body17"
	{Box 3.30379 2.77948 65.2773}
	{Bone "tent_big_basis_xx"}
	{Matrix34
		0.999999	0	-0.00128736
		0	1	0
		0.00128736	0	0.999999
		58.1147	175.702	32.6386
	}
}
{Volume "body18"
	{Box 3.30379 2.77948 85.5654}
	{Bone "tent_big_basis_xx"}
	{Matrix34
		0.999999	0	-0.00128736
		0	1	0
		0.00128736	0	0.999999
		0.0876136	175.654	42.7827
	}
}
{Volume "body19"
	{Box 3.30379 2.77948 65.2773}
	{Bone "tent_big_basis_xx"}
	{Matrix34
		0.950883	-7.93291e-05	-0.30955
		0.0117608	0.999288	0.035871
		0.309326	-0.0377496	0.950207
		-58.4172	178.01	31.0134
	}
}
{Volume "body1"
	{Polyhedron "body1.vol"}
	{Bone "tent_big_basis_xx"}
	{Position 24.2555	178.595	0}
}
{Volume "body20"
	{Box 1.94923 1.99817 42.4302}
	{Bone "tent_big_basis_xx"}
	{Matrix34
		0.999999	0	-0.00128736
		0	1	0
		0.00128736	0	0.999999
		-9.75277	176.143	22.2334
	}
}
{Volume "body21"
	{Box 1.94923 1.99817 40.3087}
	{Bone "tent_big_basis_xx"}
	{Matrix34
		0.995094	-0.00600674	-0.0987532
		0.00620279	0.999979	0.00167833
		0.0987409	-0.00228264	0.995111
		-50.9873	176.097	21.0741
	}
}
{Volume "body22"
	{Box 1.94923 1.99817 41.1573}
	{Bone "tent_big_basis_xx"}
	{Matrix34
		-0.0573071	0.000306438	0.998357
		0.00534723	0.999986	0
		-0.998342	0.00533844	-0.0573079
		-29.1772	176.078	41.0089
	}
}
{Volume "body23"
	{Box 3.30379 2.77948 46.2598}
	{Bone "tent_big_basis_xx"}
	{Matrix34
		0.958892	0.0557342	0.278246
		0.00181055	0.979302	-0.202399
		-0.283768	0.194582	0.938943
		109.182	65.1855	21.7177
	}
}
{Volume "body24"
	{Box 3.30379 2.77948 124.07}
	{Bone "tent_big_basis_xx"}
	{Matrix34
		0.342223	0	0.939619
		0	1	0
		-0.939619	0	0.342223
		58.8384	176.612	67.8283
	}
}
{Volume "body25"
	{Box 3.30379 2.77948 59.5536}
	{Bone "tent_big_basis_xx"}
	{Matrix34
		0.175461	0.00551342	0.984471
		-0.031407	0.999507	0
		-0.983985	-0.0309193	0.175548
		87.8277	117.598	51.8257
	}
}
{Volume "body26"
	{Box 3.30379 2.77948 62.5312}
	{Bone "tent_big_basis_xx"}
	{Matrix34
		0.343834	-0.0233944	0.938739
		0.0564428	0.998397	0.00420769
		-0.937333	0.0515383	0.344603
		29.5208	118.219	68.2446
	}
}
{Volume "body27"
	{Box 3.30379 2.77948 42.2874}
	{Bone "tent_big_basis_xx"}
	{Matrix34
		-0.111195	0.00916338	0.993757
		-0.0520898	-0.998637	0.00337985
		0.992433	-0.0513887	0.111521
		-92.795	130.834	43.3709
	}
}
{Volume "body28"
	{Box 3.30379 2.77948 81.2645}
	{Bone "tent_big_basis_xx"}
	{Matrix34
		-0.409036	0.0498404	0.911156
		-0.131796	-0.991265	-0.00494347
		0.902951	-0.122109	0.412031
		-35.2889	124.733	62.5125
	}
}
{Volume "body29"
	{Box 3.30379 2.77948 52.6276}
	{Bone "tent_big_basis_xx"}
	{Matrix34
		-0.225168	0.0176305	0.974161
		-0.129925	-0.99145	-0.0120876
		0.965619	-0.129289	0.225534
		-90.4729	180.777	52.0615
	}
}
{Volume "body2"
	{Box 6.88976 61.0595 43.0494}
	{Bone "tent_big_basis_xx"}
	{Matrix34
		0.995191	-0.0563943	-0.0800862
		0.0563634	0.998407	-0.0026484
		0.0801081	-0.00187828	0.996785
		-117.184	-146.379	21.4555
	}
}
{Volume "body30"
	{Box 3.30379 2.77948 73.138}
	{Bone "tent_big_basis_xx"}
	{Matrix34
		-0.423224	-0.000138909	0.906025
		-0.0111129	-0.999924	-0.00534436
		0.905957	-0.0123304	0.42319
		-32.2208	176.88	74.0827
	}
}
{Volume "body31"
	{Box 3.30379 2.77948 99.1319}
	{Bone "tent_big_basis_xx"}
	{Matrix34
		-0.300027	-0.0100127	0.953878
		0.033354	-0.999444	0
		0.953348	0.0318156	0.300194
		-69.8771	-175.279	61.4779
	}
}
{Volume "body32"
	{Box 3.30379 2.77948 30.7309}
	{Bone "tent_big_basis_xx"}
	{Matrix34
		-0.0843947	-0.00518172	0.996419
		-0.0248201	-0.999665	-0.0073008
		0.996123	-0.0253473	0.0842378
		-7.89222	-172.277	77.4281
	}
}
{Volume "body33"
	{Box 3.30379 2.77948 44.2525}
	{Bone "tent_big_basis_xx"}
	{Matrix34
		0.29929	-0.0757076	0.951154
		-0.232493	-0.972589	-0.00425706
		0.925404	-0.219864	-0.308688
		26.5092	-176.746	70.3695
	}
}
{Volume "body34"
	{Box 3.30379 2.77948 63.3651}
	{Bone "tent_big_basis_xx"}
	{Matrix34
		-0.285742	0.00116471	0.958306
		-0.00945112	-0.999954	-0.00160273
		0.95826	-0.00951504	0.285739
		-81.8204	-117.243	51.3925
	}
}
{Volume "body35"
	{Box 3.30379 2.77948 48.8621}
	{Bone "tent_big_basis_xx"}
	{Matrix34
		0.0801125	-0.0216082	0.996552
		0.191002	-0.980906	-0.0366236
		0.978315	0.193278	-0.0744555
		-27.9093	-111.47	58.5661
	}
}
{Volume "body36"
	{Box 3.30379 2.77948 25.4083}
	{Bone "tent_big_basis_xx"}
	{Matrix34
		0.21307	-0.0554923	0.97546
		-0.260812	-0.965387	0.0020499
		0.941583	-0.254848	-0.220168
		-98.4665	-69.7097	41.6345
	}
}
{Volume "body37"
	{Box 3.30379 2.77948 15.7531}
	{Bone "tent_big_basis_xx"}
	{Matrix34
		-0.117322	0.029855	0.992645
		0.158312	0.987328	-0.0109838
		-0.980395	0.15586	-0.120562
		95.0586	70.7258	43.302
	}
}
{Volume "body38"
	{Box 1.08268 40.1575 1.22677}
	{Bone "tent_big_basis_xx"}
	{Matrix34
		0.77454	-0.609619	0.16868
		0.13934	-0.0956794	-0.985611
		0.616987	0.786899	0.010837
		-49.8035	173.685	21.238
	}
}
{Volume "body39"
	{Box 1.08268 18.7052 1.22677}
	{Bone "tent_big_basis_xx"}
	{Matrix34
		0.774539	-0.609619	0.16868
		0.616987	0.786899	0.0108373
		-0.13934	0.0956793	0.985611
		-57.9874	168.622	40.385
	}
}
{Volume "body3"
	{Polyhedron "body3.vol"}
	{Bone "tent_big_basis_xx"}
	{Matrix34
		-0.995824	-0.0912953	0
		0.0912953	-0.995824	0
		0	0	1
		-84.6655	-178.107	0
	}
}
{Volume "body40"
	{Box 1.08268 18.7052 1.22677}
	{Bone "tent_big_basis_xx"}
	{Matrix34
		0.774539	-0.609619	0.16868
		0.616987	0.786899	0.0108373
		-0.13934	0.0956793	0.985611
		-55.2704	166.756	21.1668
	}
}
{Volume "body41"
	{Box 1.08268 18.7052 1.22677}
	{Bone "tent_big_basis_xx"}
	{Matrix34
		0.774539	-0.609619	0.16868
		0.616987	0.786899	0.0108373
		-0.13934	0.0956793	0.985611
		-52.5493	164.888	1.91897
	}
}
{Volume "body42"
	{Box 1.08268 40.1575 1.22677}
	{Bone "tent_big_basis_xx"}
	{Matrix34
		0.77454	-0.609619	0.16868
		0.13934	-0.0956794	-0.985611
		0.616987	0.786899	0.010837
		-60.6159	159.895	21.0481
	}
}
{Volume "body43"
	{Box 1.08268 40.1575 1.22677}
	{Bone "tent_big_basis_xx"}
	{Matrix34
		0.221348	-0.0163004	0.975059
		0.77133	0.614723	-0.164823
		-0.596704	0.788575	0.148641
		10.6938	145.238	4.52252
	}
}
{Volume "body44"
	{Box 1.08268 18.7052 1.22677}
	{Bone "tent_big_basis_xx"}
	{Matrix34
		0.221438	-0.0156658	0.975048
		-0.598845	0.78695	0.148644
		-0.769644	-0.616817	0.16488
		-9.74994	140.04	8.9796
	}
}
{Volume "body45"
	{Box 1.08268 18.7052 1.22677}
	{Bone "tent_big_basis_xx"}
	{Matrix34
		0.221438	-0.0156658	0.975048
		-0.598845	0.78695	0.148644
		-0.769644	-0.616817	0.16488
		5.47852	151.986	5.79839
	}
}
{Volume "body46"
	{Box 1.08268 40.1575 1.22677}
	{Bone "tent_big_basis_xx"}
	{Matrix34
		0.221711	-0.0167035	0.974969
		0.773187	0.612246	-0.165336
		-0.594159	0.790491	0.148657
		0.179636	158.992	7.12742
	}
}
{Volume "body47"
	{Box 1.08268 18.7052 1.22677}
	{Bone "tent_big_basis_xx"}
	{Matrix34
		0.221438	-0.0156658	0.975048
		-0.598845	0.78695	0.148644
		-0.769644	-0.616817	0.16488
		20.4918	164.111	2.57848
	}
}
{Volume "body48"
	{Box 1.08268 40.1575 1.22677}
	{Bone "tent_big_basis_xx"}
	{Matrix34
		-0.00253806	-0.000576624	0.999997
		0.820263	-0.571984	0.00175206
		0.571981	0.820265	0.00192472
		7.96432	-127.245	1.59313
	}
}
{Volume "body49"
	{Box 1.08268 40.1575 1.22677}
	{Bone "tent_big_basis_xx"}
	{Matrix34
		-0.00253711	-0.000576489	0.999997
		0.819532	-0.573032	0.0017489
		0.573029	0.819533	0.0019263
		-2.16771	-141.56	1.5206
	}
}
{Volume "body50"
	{Box 1.08268 18.7052 1.22677}
	{Bone "tent_big_basis_xx"}
	{Matrix34
		-0.00253763	-0.000576345	0.999997
		0.578113	0.815954	0.00193732
		-0.815953	0.578116	-0.0017374
		-13.1831	-123.21	1.51977
	}
}
{Volume "body51"
	{Box 1.08268 18.7052 1.22677}
	{Bone "tent_big_basis_xx"}
	{Matrix34
		-0.00253763	-0.000576345	0.999997
		0.578113	0.815954	0.00193732
		-0.815953	0.578116	-0.0017374
		2.82331	-134.556	1.55363
	}
}
{Volume "body52"
	{Box 1.08268 18.7052 1.22677}
	{Bone "tent_big_basis_xx"}
	{Matrix34
		-0.00253765	-0.000576259	0.999997
		0.572323	0.820026	0.00192491
		-0.820024	0.572327	-0.00175113
		18.9473	-145.61	1.58753
	}
}
{Volume "body7"
	{Box 3.30379 2.77948 46.2598}
	{Bone "tent_big_basis_xx"}
	{Matrix34
		0.997092	0	-0.0762032
		0	1	0
		0.0762032	0	0.997092
		-118.497	-176.608	23.0627
	}
}
{Volume "body8"
	{Box 3.30379 2.77948 46.2598}
	{Bone "tent_big_basis_xx"}
	{Matrix34
		0.990332	-0.00154749	-0.138709
		0.00561142	0.999566	0.0289119
		0.138604	-0.0294107	0.989911
		-114.985	-116.46	22.8966
	}
}
{Volume "body9"
	{Box 3.30379 2.77948 46.2598}
	{Bone "tent_big_basis_xx"}
	{Matrix34
		0.935897	-0.186851	-0.298637
		0.21711	0.973542	0.0712734
		0.277418	-0.131542	0.951702
		-115.896	-62.9848	22.0128
	}
}
{Volume "window1"
	{Box 17.7038 1.22982 39.2697}
	{Bone "window1"}
	{Matrix34
		0.574769	0.818273	0.0084342
		0.00272573	0.00839232	-0.999961
		-0.818311	0.574769	0.00259326
		2.89906	-0.895875	1.48055
	}
}
{Volume "window2"
	{Box 17.7038 1.22982 39.2697}
	{Bone "window2"}
	{Matrix34
		0.34202	0.939693	0
		-0.939693	0.34202	0
		0	0	1
		0.339685	0.496429	-0.634899
	}
}
{Volume "window3"
	{Box 17.7038 1.22982 39.2697}
	{Bone "window3"}
	{Matrix34
		0.0211399	-0.999769	-0.00380254
		0.999768	0.021123	0.00432298
		-0.00424154	-0.00388874	0.999984
		1.32228	0.462563	-0.45163
	}
}
