;Exported by: garry
;Date:        Thu Feb 12 16:19:57 2009
;File:        D:\-Projects-\-3DWork-\Model\Животные\cow\3.max
{Skeleton
	{animation
		{sequence "walk" {speed 0.5}}
		{sequence "run"}
		{sequence "eat"}
		{sequence "death" {speed 0.7}}
	}
	{bone "basis"
		{Orientation
			1	0	0
			0	-1	0
			0	0	1
		}
		{bone "bone19"
			{Matrix34
				-0.999933	0.00898245	0.00729936
				0.00729906	-6.55242e-005	0.999973
				0.00898269	0.99996	0
				5.8913	0.404939	26.1417
			}
			{bone "bone20"
				{Matrix34
					0.996819	0	-0.0796936
					0	1	0
					0.0796936	0	0.996819
					13.0514	0	0
				}
				{bone "bone12"
					{Matrix34
						-0.328353	-0.926293	-0.184839
						0.944554	-0.322299	-0.0627757
						0.00142486	0.195203	-0.980762
						9.60216	1.26402	-1.85654
					}
					{bone "bone11"
						{Matrix34
							0.595455	0.788044	-0.156273
							-0.783458	0.612649	0.10418
							0.177839	0.0603986	0.982204
							10.7535	-2.76566e-005	0
						}
						{bone "bone13"
							{Matrix34
								0.755361	-0.655309	0
								0.655309	0.755361	0
								0	0	1
								8.31256	-6.48499e-005	0
							}
							{bone "bone14"
								{Position 10.6517	0	0}
							}
						}
					}
				}
				{bone "bone07"
					{Matrix34
						-0.328419	-0.935459	0.130605
						0.944532	-0.325412	0.0443567
						0.00100661	0.137928	0.990442
						9.60279	1.35131	4.00699
					}
					{bone "bone08"
						{Matrix34
							0.595455	0.788043	-0.156273
							-0.783458	0.61265	0.10418
							0.177839	0.0603986	0.982204
							10.7535	-2.43187e-005	0
						}
						{bone "bone09"
							{Matrix34
								0.755361	-0.655309	0
								0.655309	0.755361	0
								0	0	1
								8.31256	-6.48499e-005	0
							}
							{bone "bone10"
								{Position 10.6517	0	0}
							}
						}
					}
				}
				{bone "bone21"
					{Matrix34
						0.972248	-0.082017	0.219107
						0.0803661	0.99663	0.0164525
						-0.219718	0.00161291	0.975562
						9.35014	1.93233	0
					}
					{bone "bone22"
						{Matrix34
							0.447365	-0.894352	0
							0.894352	0.447365	0
							0	0	1
							3.82122	0	0
						}
						{bone "bone23"
							{Matrix34
								0.907416	-0.420235	0
								0.420235	0.907415	0
								0	0	1
								6.28014	0	0
							}
							{bone "bone24"
								{Matrix34
									0.99225	0.124255	0
									-0.124255	0.99225	0
									0	0	1
									6.38902	0	0
								}
								{bone "bone25"
									{Position 7.16756	0	0}
								}
							}
						}
					}
				}
			}
			{bone "bone05"
				{Matrix34
					0.128355	-0.990096	-0.0568827
					0.991728	0.128119	0.00778215
					0.000417314	0.057411	-0.998351
					-5.20816	0.78619	-3.87914
				}
				{bone "bone04"
					{Matrix34
						0.986018	-0.134929	-0.097793
						0.135578	0.990767	0
						0.0968901	-0.0132581	0.995207
						18.4215	0	0
					}
					{bone "bone06"
						{Position 8.64547	0	0}
					}
				}
			}
			{bone "bone01"
				{Matrix34
					0.128354	-0.990096	0.0568827
					0.991728	0.128119	-0.00778218
					0.000417342	0.057411	0.998351
					-5.20816	0.78619	3.41004
				}
				{bone "bone02"
					{Matrix34
						0.986018	-0.134929	-0.097793
						0.135578	0.990767	0
						0.0968901	-0.0132582	0.995207
						18.4215	0	0
					}
					{bone "bone03"
						{Position 8.64547	0	0}
					}
				}
			}
		}
		{bone "skin"
			{parameters "CommonMesh;NoSkin;"}
			{Matrix34
				-0.99996	0.00898254	0
				0	0	1
				-0.00898254	-0.99996	0
				1.58445	0.47546	21.6117
			}
			{VolumeView "skin.ply"}
		}
		{bone "bone15"
			{Matrix34
				0.975061	-0.0584724	0.214096
				0.213712	-0.0128149	-0.976813
				0.0598602	0.998207	0
				15.1314	0.321934	25.5702
			}
			{bone "bone16"
				{Matrix34
					0.962072	0.272796	0
					-0.272796	0.962072	0
					0	0	1
					7.11928	0	0
				}
				{bone "bone17"
					{Matrix34
						0.555873	0.831267	0
						-0.831267	0.555874	0
						0	0	1
						3.14945	0	0
					}
					{bone "bone18"
						{Position 8.49605	0	0}
					}
				}
			}
			{bone "visor"
				{Matrix34
					0.975792	0.213872	0.0456946
					-0.0446353	-0.00978227	0.998956
					0.214096	-0.976813	0
					16.05	5.1358	0.861255
				}
			}
			{bone "foresight1"
				{Matrix34
					0.975792	0.213872	0.0456946
					-0.0446353	-0.00978227	0.998956
					0.214096	-0.976813	0
					16.1823	4.53212	0.861256
				}
			}
		}
	}
}
{Volume "body"
	{Box 53.6104 12.6097 17.7618}
	{Bone "bone19"}
	{Matrix34
		0.999973	-0.00729918	0
		0	0	-1
		0.00729918	0.999973	0
		3.49303	-6.38301	-0.211939
	}
}
