;Exported by: IROKEZ
;Date:        Sun May 25 19:04:52 2014
;File:        F:\My Job\DMS\Models\ba-11\Ba-11_x.max
{Skeleton
	{bone "basis"
		{Orientation
			1	0	0
			0	-1	0
			0	0	1
		}
		{bone "body"
			{parameters "ID=body;"}
			{animation
				{sequence "break" {file "body_b.anm"} {speed 0.7}}
			}
			{Position -0.0228553	1.04904e-005	20.6066}
			{VolumeView "body.ply"}
			{bone "shieldl1"
				{Position -30.8621	22.3389	-1.78588}
				{VolumeView "shieldl1.ply"}
			}
			{bone "shieldr1"
				{Matrix34
					1	0	0
					0	-1	0
					0	0	1
					-30.8621	-22.339	-1.78589
				}
				{VolumeView "shieldr1.ply"}
			}
			{bone "detail2"
				{parameters "ID=body;"}
				{Position 16.6294	20.0984	-8.2778}
				{VolumeView "detail2.ply"}
			}
			{bone "detail3"
				{parameters "ID=body;"}
				{Position 16.6294	-20.0984	-8.2778}
				{VolumeView "detail3.ply"}
			}
			{bone "detail1"
				{parameters "ID=body;"}
				{Position 0.0253519	19.7077	-4.82011}
				{VolumeView "detail1.ply"}
			}
			{bone revolute "turret"
				{parameters "ID=turret;"}
				{animation
					{sequence "break" {file "turret_b.anm"} {speed 0.7}}
				}
				{Position -28.7548	-1.04904e-005	11.511}
				{VolumeView "turret.ply"}
				{bone revolute "gun_rot"
					{parameters "ID=gun_rot;"}
					{limits -10 10}
					{Matrix34
						1	0	0
						0	0.173648	0.984808
						0	-0.984808	0.173648
						13.3914	0	4.74506
					}
					{VolumeView "gun_rot.ply"}
					{bone "gun"
						{parameters "ID=gun;"}
						{Matrix34
							0	0.173648	-0.984808
							0	0.984808	0.173648
							1	0	0
							16.0883	0.606728	0.106987
						}
						{VolumeView "gun.ply"}
					}
					{bone "mgun1"
						{parameters "ID=mgun;"}
						{Matrix34
							-1	0	0
							0	0.984808	0.173648
							0	0.173648	-0.984808
							0	0	0
						}
						{VolumeView "mgun1.ply"}
					}
				}
				{bone "cover"
					{parameters "ID=turret;"}
					{Position 1.09124	0	10.9414}
					{VolumeView "cover.ply"}
				}
			}
			{bone "engine"
				{parameters "ID=engine;"}
				{animation
					{sequence "break" {file "engine_b.anm"}}
				}
				{Position 32.0333	0.539323	-5.14314}
				{VolumeView "engine.ply"}
				{bone "engine_cover1"
					{parameters "ID=engine;"}
					{animation
						{sequence "break" {file "engine_b.anm"}}
					}
					{Matrix34
						-0.977179	0.183919	0.106279
						0.0133659	-0.446099	0.894884
						0.211997	0.875882	0.43346
						0.616783	7.89179	7.6544
					}
					{VolumeView "engine_cover1.ply"}
				}
				{bone "engine_cover2"
					{parameters "ID=engine;"}
					{animation
						{sequence "break" {file "engine_b.anm"}}
					}
					{Matrix34
						-0.977179	-0.183919	0.106279
						0.0133657	0.446099	0.894884
						0.211997	-0.875882	0.433461
						0.616783	-8.97046	7.6544
					}
					{VolumeView "engine_cover2.ply"}
				}
			}
			{bone "doorl"
				{parameters "ID=body;"}
				{Matrix34
					-0.974095	0.189535	0.12335
					0.0259986	-0.447983	0.893664
					0.224639	0.873721	0.43145
					4.73986	13.8871	5.67326
				}
				{VolumeView "doorl.ply"}
			}
			{bone "doorr"
				{parameters "ID=body;"}
				{Matrix34
					-0.974095	-0.189535	0.12335
					0.0259987	0.447983	0.893664
					0.224639	-0.873721	0.43145
					4.73986	-13.8871	5.67326
				}
				{VolumeView "doorr.ply"}
			}
			{bone revolute "mgun_rot1"
				{limits -10 10}
				{Matrix34
					1	0	0
					0	0	1
					0	-1	0
					8.63132	-5.95012	8.79658
				}
				{bone revolute "mgun_rot"
					{parameters "ID=mgun;"}
					{limits -15 15}
					{Matrix34
						1	0	0
						0	0	-1
						0	1	0
						0	0	0
					}
					{VolumeView "mgun_rot.ply"}
					{bone "mgun"
						{parameters "ID=mgun;"}
						{Position 4.01322	-0.0377483	0.0246506}
						{VolumeView "mgun.ply"}
					}
				}
			}
		}
		{bone "pivot_front"
			{parameters "ID=pivot_front;"}
			{Position 39.7349	-0.0299963	8.56666}
			{VolumeView "pivot_front.ply"}
			{bone revolute "steerr1"
				{parameters "ID=body;"}
				{Matrix34
					-1	0	0
					0	0.996195	0.0871559
					0	0.0871559	-0.996195
					0.291878	-15.9731	0.288403
				}
				{VolumeView "steerr1.ply"}
				{bone revolute "wheelright1"
					{parameters "ID=trackright;"}
					{Matrix34
						-1	0	0
						0	0	1
						0	1	0
						0.172665	-0.904723	-0.0649405
					}
					{VolumeView "wheelright1.ply"}
				}
			}
			{bone revolute "steerl1"
				{parameters "ID=body;"}
				{Matrix34
					1	0	0
					0	-0.996195	0.0871556
					0	-0.0871556	-0.996195
					0.291908	16.2114	0.2952
				}
				{VolumeView "steerl1.ply"}
				{bone revolute "wheell1"
					{parameters "ID=trackleft;"}
					{Matrix34
						1	0	0
						0	0	1
						0	-1	0
						-0.172699	-0.727721	-0.0426292
					}
					{VolumeView "wheell1.ply"}
				}
			}
			{bone "suspension_front"
				{parameters "ID=body;"}
				{Position -0.0986633	0.0299953	1.01856}
				{VolumeView "suspension_front.ply"}
			}
		}
		{bone "pivot_back"
			{parameters "ID=pivot_back;"}
			{Position -30.5947	0	8.8083}
			{VolumeView "pivot_back.ply"}
			{bone revolute "wheell2"
				{parameters "ID=trackleft;"}
				{Matrix34
					1	0	0
					0	0	-1
					0	1	0
					10.6701	16.938	0.0183048
				}
				{VolumeView "wheell2.ply"}
			}
			{bone revolute "wheell3"
				{parameters "ID=trackleft;"}
				{Matrix34
					1	0	0
					0	0	-1
					0	1	0
					-10.6467	16.9422	0.0183048
				}
				{VolumeView "wheell3.ply"}
			}
			{bone revolute "wheelr3"
				{parameters "ID=trackright;"}
				{Matrix34
					1	0	0
					0	0	-1
					0	1	0
					-10.6467	-16.9422	0.0183048
				}
				{VolumeView "wheelr3.ply"}
			}
			{bone revolute "wheelr2"
				{parameters "ID=trackright;"}
				{Matrix34
					1	0	0
					0	0	-1
					0	1	0
					10.6701	-16.9422	0.0183048
				}
				{VolumeView "wheelr2.ply"}
			}
			{bone "suspension_back"
				{parameters "ID=pivot_back;"}
				{Position 0.158199	0	1.17824}
				{VolumeView "suspension_back.ply"}
			}
		}
	}
}
