;Exported by: Артем
;Date:        Tue Apr 01 11:06:41 2014
;File:        D:\Autodesk\Low poly\freelance\DMS\Vehicles\sdkfz 222 223\222\export\Sdkfz 223_x.max
{Skeleton
	{bone "basis"
		{Orientation
			1	0	0
			0	-1	0
			0	0	1
		}
		{bone "body"
			{parameters "ID=body;"}
			{animation
				{sequence "break" {file "body_b.anm"} {speed 0.7}}
			}
			{Position -0.0281734	-0.0580902	14.2836}
			{VolumeView "body.ply"}
			{bone "detail1"
				{Position 43.9693	-0.139061	-3.50051}
				{VolumeView "detail1.ply"}
			}
			{bone "detail2"
				{Position 14.6215	13.916	11.6834}
				{VolumeView "detail2.ply"}
			}
			{bone "detail4"
				{Matrix34
					-1	0	0
					0	0.566406	-0.824126
					0	-0.824126	-0.566406
					-2.17529	-14.9569	3.14778
				}
				{VolumeView "detail4.ply"}
			}
			{bone "detail5"
				{Position -15.2724	-17.6085	1.9782}
				{VolumeView "detail5.ply"}
			}
			{bone "detail3"
				{Position -25.1148	-17.736	9.02546}
				{VolumeView "detail3.ply"}
			}
			{bone "doorright"
				{Matrix34
					1	0	0
					0	-0.570714	0.821149
					0	-0.821149	-0.570714
					7.05471	-12.9023	3.8454
				}
				{VolumeView "doorright.ply"}
			}
			{bone "doorleft"
				{Matrix34
					1	0	0
					0	0.570714	0.821149
					0	-0.821149	0.570714
					7.0547	12.9784	3.84538
				}
				{VolumeView "doorleft.ply"}
			}
			{bone "bucket"
				{parameters "ID=body;"}
				{Position 41.4877	0.0301404	-3.31741}
				{VolumeView "bucket.ply"}
			}
			{bone "engine"
				{parameters "CommonMesh;ID=engine;"}
				{animation
					{sequence "break" {file "engine_b.anm"} {speed 0.6}}
				}
				{Position -37.5478	0.0281663	2.52091}
				{VolumeView "engine.ply"}
			}
			{bone revolute "turret"
				{parameters "ID=turret;"}
				{animation
					{sequence "break" {file "turret_b.anm"} {speed 0.9}}
				}
				{speed 0.03}
				{Position -7.84035	0.0406406	16.2199}
				{VolumeView "turret.ply"}
				{bone revolute "gun_rot"
					{limits -5 20}
					{speed 0.015}
					{Matrix34
						1	0	0
						0	0	1
						0	-1	0
						8.04612	0.0317561	2.19996
					}
				}
				{bone "gridl"
					{Position 0.174564	7.1592	4.57786}
					{VolumeView "gridl.ply"}
				}
				{bone "gridr"
					{Position 0.174564	-7.19991	4.57786}
					{VolumeView "gridr.ply"}
				}
			}
			{bone "detail6"
				{Matrix34
					0.819152	0	0.573576
					0	1	0
					-0.573576	0	0.819152
					39.9196	2.78657	3.27043
				}
				{VolumeView "detail6.ply"}
			}
		}
		{bone "pivot_front"
			{Position 29.9394	0.00230484	7.65595}
			{bone revolute "steer_r"
				{Matrix34
					-1	0	0
					0	1	0
					0	0	-1
					0.0285339	-12.7921	0.484775
				}
				{bone revolute "wheelr1"
					{parameters "ID=wheelright1;Radius=0.33;"}
					{Matrix34
						-1	0	0
						0	0	1
						0	1	0
						0	-3.15023	0
					}
					{VolumeView "wheelr1.ply"}
				}
				{bone "wr"
					{Matrix34
						-1	0	0
						0	1	0
						0	0	-1
						2.28882e-005	-0.0296974	0
					}
					{VolumeView "wr.ply"}
				}
			}
			{bone revolute "steer_l"
				{Matrix34
					-1	0	0
					0	1	0
					0	0	-1
					0.0285416	12.7527	0.484778
				}
				{bone revolute "wheell1"
					{parameters "ID=wheelleft1;Radius=0.33;"}
					{Matrix34
						-1	0	0
						0	0	1
						0	1	0
						0	3.15074	0
					}
					{VolumeView "wheell1.ply"}
				}
				{bone "wl"
					{Matrix34
						-1	0	0
						0	1	0
						0	0	-1
						2.28882e-005	0.0260735	0
					}
					{VolumeView "wl.ply"}
				}
			}
		}
		{bone revolute "pivot_back"
			{Position -24.8216	0.0164028	7.6831}
			{bone revolute "wheelr2"
				{parameters "ID=wheelright2;"}
				{Matrix34
					0.85264	0	-0.522499
					-0.522499	0	-0.85264
					0	1	0
					0.06703	-15.9564	0.457625
				}
				{VolumeView "wheelr1.ply"}
			}
			{bone revolute "wheell2"
				{parameters "ID=wheelleft2;"}
				{Matrix34
					0.866025	0	-0.5
					-0.5	0	-0.866025
					0	1	0
					0.0670433	15.884	0.457628
				}
				{VolumeView "wheell1.ply"}
			}
		}
	}
}
{Volume "wheelleft1"
	{Cylinder 6.77559 4.65354}
	{Bone "wheell1"}
	{Matrix34
		-1	0	0
		0	-1	0
		0	0	1
		0	0	0.0266914
	}
}
{Volume "wheelleft2"
	{Cylinder 6.77559 4.65354}
	{Bone "wheell2"}
	{Matrix34
		-1	0	0
		0	-1	0
		0	0	1
		1.52588e-005	0	0.0266905
	}
}
{Volume "wheelright1"
	{Cylinder 6.77559 4.65415}
	{Bone "wheelr1"}
	{Matrix34
		-1	0	0
		0	-1	0
		0	0	1
		0	0	-0.0269947
	}
}
{Volume "wheelright2"
	{Cylinder 6.77559 4.65415}
	{Bone "wheelr2"}
	{Matrix34
		-1	0	0
		0	-1	0
		0	0	1
		0	0	-0.0269938
	}
}
