;Exported by: Артем
;Date:        Sat Jul 12 11:20:09 2014
;File:        D:\Autodesk\Low poly\freelance\DMS\Tanks\Crusader\expo\Crusader_xx.max
{Skeleton
	{bone "basis"
		{Orientation
			1	0	0
			0	-1	0
			0	0	1
		}
		{bone "wheelsr"
			{parameters "wheelsR;"}
			{Position -6.77732	-17.4406	8.70772}
			{bone revolute "wheelr6"
				{parameters "ID=trackRight;Radius=0.4;"}
				{Matrix34
					1	0	0
					0	0	-1
					0	1	0
					-34.0064	-5.90551	0
				}
				{VolumeView "wheelr6.ply"}
			}
			{bone revolute "wheelr4"
				{parameters "ID=trackRight;Radius=0.4;"}
				{Matrix34
					0.983255	-0.182236	0
					0	0	-1
					0.182236	0.983255	0
					0	-5.90551	0
				}
				{VolumeView "wheelr6.ply"}
			}
			{bone revolute "part3"
				{parameters "ID=trackRight;Radius=0.4;"}
				{Matrix34
					0.991445	0.130526	0
					0	0	-1
					-0.130526	0.991445	0
					17.0445	-5.90551	0
				}
				{VolumeView "wheelr6.ply"}
			}
			{bone revolute "wheelr2"
				{parameters "ID=trackRight;Radius=0.4;"}
				{Matrix34
					0.991664	0.103685	-0.0765045
					-0.0938055	0.17386	-0.980292
					-0.0883407	0.979297	0.182137
					34.3485	-5.90552	0
				}
				{VolumeView "wheelr6.ply"}
			}
		}
		{bone "wheelsl"
			{parameters "wheelsL;"}
			{Position -6.77732	15.9254	8.70773}
			{bone revolute "wheell2"
				{parameters "ID=trackleft;Radius=0.4;"}
				{Matrix34
					0.995396	-0.0958458	0
					0	0	-1
					0.0958458	0.995396	0
					34.3485	5.90551	0
				}
				{VolumeView "wheell2.ply"}
			}
			{bone revolute "wheell4"
				{parameters "ID=trackleft;Radius=0.4;"}
				{Matrix34
					0.993572	0.113203	0
					-0.0225691	0.198086	-0.979925
					-0.110931	0.973626	0.199368
					0	5.90551	0
				}
				{VolumeView "wheell2.ply"}
			}
			{bone revolute "wheell5"
				{parameters "ID=trackleft;Radius=0.4;"}
				{Matrix34
					1	0	0
					0	0.233445	-0.97237
					0	0.97237	0.233445
					-16.8203	5.90551	0
				}
				{VolumeView "wheell2.ply"}
			}
		}
		{bone "body"
			{parameters "ID=body;"}
			{Matrix34
				0.999049	-0.00114142	-0.0435985
				-0.00152203	0.998136	-0.0610082
				0.0435869	0.0610165	0.997185
				-8.731	-0.757568	17.0721
			}
			{VolumeView "body.ply"}
			{bone revolute "turret"
				{parameters "ID=turret;"}
				{speed 0.01}
				{Matrix34
					0.675725	-0.737106	0.00835456
					0.735311	0.673193	-0.0782891
					0.0520831	0.0590451	0.996896
					4.9956	0.180109	12.9819
				}
				{VolumeView "turret.ply"}
				{bone revolute "gun_rot"
					{limits -10 10}
					{speed 0.015}
					{Matrix34
						0.953326	-0.219985	-0.206824
						0.200477	-0.051051	0.978367
						-0.225785	-0.974167	-0.00456627
						13.6179	1.99543	0.948013
					}
					{VolumeView "gun_rot.ply"}
					{bone "gun"
						{Matrix34
							0.973095	0.0521262	-0.224431
							-0.0374163	0.996894	0.0693077
							0.227347	-0.0590456	0.972022
							22.2463	1.05025	-2.98629
						}
						{VolumeView "gun.ply"}
					}
				}
				{bone "cover1"
					{Matrix34
						-0.134866	0.948265	0.287409
						-0.078263	0.278959	-0.957109
						-0.987768	-0.151575	0.0365921
						-11.8477	6.70182	7.77833
					}
					{VolumeView "cover1.ply"}
				}
				{bone "cover2"
					{Matrix34
						0.990762	-0.134243	0.0192256
						0.133647	0.942494	-0.30634
						-0.0230039	-0.306079	-0.951728
						-11.2348	-7.82269	6.78699
					}
					{VolumeView "cover2.ply"}
				}
			}
			{bone revolute "wheell1"
				{parameters "ID=trackleft;Radius=0.25;"}
				{Matrix34
					0.999968	-0.00796832	0.00045203
					-0.00100628	-0.182061	-0.983287
					0.00791747	0.983255	-0.182064
					53.8618	22.5342	-3.9355
				}
				{VolumeView "wheell1.ply"}
			}
			{bone revolute "part1"
				{parameters "ID=trackleft;Radius=0.36;"}
				{Matrix34
					0.993255	0.107319	0.043894
					0.0472107	-0.0285607	-0.998477
					-0.105902	0.993814	-0.0334347
					-47.4404	22.6165	-5.45068
				}
				{VolumeView "part1.ply"}
			}
			{bone revolute "wheelr7"
				{parameters "ID=trackRight;Radius=0.36;"}
				{Matrix34
					0.999982	-0.00608105	0.000212185
					-0.000635397	-0.13904	-0.990287
					0.0060515	0.990268	-0.139041
					-47.4404	-22.6165	-5.45068
				}
				{VolumeView "wheelr7.ply"}
			}
			{bone revolute "wheelr1"
				{parameters "ID=trackRight;Radius=0.25;"}
				{Matrix34
					1	0	0
					0	0	-1
					0	1	0
					53.8628	-22.5342	-3.93538
				}
				{VolumeView "wheelr1.ply"}
			}
			{bone "part2"
				{Position -56.567	-1.20401e-005	8.37775}
				{VolumeView "part2.ply"}
			}
			{bone "shieldr3"
				{parameters "ID=shieldR3;"}
				{Position -52.5043	-22.3445	-0.769319}
				{VolumeView "shieldr3.ply"}
			}
			{bone "shieldl2"
				{parameters "ID=shieldL2;"}
				{Position 40.8016	25.6981	2.4028}
				{VolumeView "shieldl2.ply"}
			}
			{bone "engine"
				{parameters "CommonMesh;ID=engine;"}
				{Position -40.1442	-0.409513	8.85507}
				{VolumeView "engine.ply"}
			}
		}
	}
}
{Volume "body1"
	{Polyhedron "body1.vol"}
	{Bone "body"}
	{Matrix34
		0	-1	0
		0	0	1
		-1	0	0
		4.95706	-0.0108384	3.65667
	}
}
{Volume "body2"
	{Polyhedron "body2.vol"}
	{Bone "body"}
	{Matrix34
		0	-1	0
		0	0	1
		-1	0	0
		18.2133	-0.0108302	2.12277
	}
}
{Volume "body3"
	{Polyhedron "body3.vol"}
	{Bone "body"}
	{Matrix34
		0	-1	0
		0	0	1
		-1	0	0
		3.46646	-0.0108324	-5.65861
	}
}
{Volume "box2"
	{Polyhedron "box2.vol"}
	{Bone "body"}
	{Matrix34
		-1	0	0
		0	0	1
		0	1	0
		1.15031	15.8817	8.19576
	}
}
{Volume "box3"
	{Polyhedron "box3.vol"}
	{Bone "body"}
	{Matrix34
		-1	0	0
		0	0	1
		0	1	0
		1.15031	-25.4341	8.19576
	}
}
{Volume "engine"
	{Polyhedron "engine.vol"}
	{Bone "engine"}
	{Matrix34
		0	-1	0
		0	0	1
		-1	0	0
		2.99464	-0.0108323	-5.18372
	}
}
{Volume "gun"
	{Cylinder 1.33912 34.1969}
	{Bone "gun_rot"}
	{Matrix34
		0.227347	-0.059046	0.972022
		-0.0374162	0.996893	0.0693082
		-0.973095	-0.0521258	0.22443
		21.2124	0.986399	-2.74823
	}
}
{Volume "mantlet"
	{Polyhedron "mantlet.vol"}
	{Bone "turret"}
	{Matrix34
		-0.00141141	0.997598	0.0692599
		-0.0287362	-0.0692719	0.997184
		0.999586	-0.000582956	0.0287649
		20.3457	-0.263335	0.17985
	}
}
{Volume "part1"
	{Cylinder 7.13469 5.70811}
	{Bone "part1"}
	{Position -0.00213259	0.00175654	-0.00189948}
}
{Volume "part2"
	{Cylinder 4.68226 22.579}
	{Bone "part2"}
	{Matrix34
		1	0	0
		0	0	1
		0	-1	0
		-0.523151	0.00309086	0.00561295
	}
}
{Volume "part3"
	{Cylinder 8.24342 5.70811}
	{Bone "part3"}
	{Position 0	0	0}
}
{Volume "trackleft"
	{Polyhedron "trackleft.vol"}
	{Bone "wheelsl"}
	{Matrix34
		-1	0	0
		0	0	1
		0	1	0
		0.0382586	4.44913	1.89519
	}
}
{Volume "trackright"
	{Polyhedron "trackright.vol"}
	{Bone "wheelsr"}
	{Matrix34
		-1	0	0
		0	0	1
		0	1	0
		0.0382566	-7.33977	1.89519
	}
}
{Volume "turret"
	{Polyhedron "turret.vol"}
	{Bone "turret"}
	{Matrix34
		0.999586	-0.000583101	0.028765
		-0.0014114	0.997598	0.0692602
		-0.0287363	-0.0692721	0.997184
		0.47904	0.402443	-5.81269
	}
}
