;Exported by: sk
;Date:        Wed Dec 21 16:18:33 2005
;File:        D:\-Projects1_5-\-3DWork-\-Model-\Germany\Moto\BMW-R12_x.max
{Skeleton
	{bone "basis"
		{Orientation
			1	0	0
			0	-1	0
			0	0	1
		}
		{bone "body"
			{parameters "ID=body;"}
			{Matrix34
				-1	0	0
				0	0	1
				0	1	0
				-4.93939	0.689838	11.0629
			}
			{VolumeView "body.ply"}
			{bone revolute "wheel3"
				{parameters "ID=Wheel3;"}
				{Matrix34
					0.996195	0.00759632	0.0868235
					0	0.996195	-0.0871554
					-0.0871552	0.0868237	0.992404
					8.94139	-3.98209	-18.153
				}
				{VolumeView "wheel3.ply"}
			}
			{bone revolute "wheel2"
				{parameters "ID=Wheel2;"}
				{Matrix34
					0.984837	0.00750971	-0.17332
					0.00756681	0.996252	0.0861621
					0.173318	-0.0861671	0.981089
					10.5215	-3.9821	5.74224
				}
				{VolumeView "wheel2.ply"}
			}
			{bone "part1"
				{parameters "ID=body;"}
				{Position -6.98808	5.29693	5.63693}
				{VolumeView "part1.ply"}
			}
			{bone "part2"
				{parameters "ID=body;"}
				{Position 11.3843	-0.255195	7.29781}
				{VolumeView "part2.ply"}
			}
			{bone "part3"
				{parameters "ID=body;"}
				{Position -8.91816	-0.743684	-11.0555}
				{VolumeView "part3.ply"}
			}
			{bone "part4"
				{parameters "ID=body;"}
				{Position -12.2901	-1.18274	-2.84566}
				{VolumeView "part4.ply"}
			}
			{bone "part5"
				{parameters "ID=body;"}
				{Position 5.87569	-7.66263	9.77455}
				{VolumeView "part5.ply"}
			}
		}
		{bone revolute "steer"
			{parameters "ID=body;"}
			{Matrix34
				-0.835325	0	-0.549756
				0	1	0
				0.549756	0	-0.835325
				12.8761	6.37626	11.0629
			}
			{VolumeView "steer.ply"}
			{bone revolute "wheel1"
				{parameters "ID=Wheel1;"}
				{Matrix34
					0.814315	0.172988	-0.554046
					-0.547664	-0.0871558	-0.832147
					-0.19224	0.98106	0.0237671
					0.309003	0.0183375	4.56376
				}
				{VolumeView "wheel1.ply"}
			}
		}
	}
}
{Volume "body"
	{Box 28.3974 11.7188 10.4267}
	{Bone "body"}
	{Matrix34
		-1	0	0
		0	-0.173648	0.984808
		0	0.984808	0.173648
		5.90477	-1.60676	-8.48193
	}
}
{Volume "engine"
	{Box 11.5218 6.61592 10.5443}
	{Bone "body"}
	{Matrix34
		-1	0	0
		0	0	1
		0	1	0
		-5.18132	-3.82666	5.73624
	}
}
{Volume "part1"
	{Polyhedron "part1.vol"}
	{Bone "part1"}
	{Matrix34
		-1	0	0
		0	0	1
		0	1	0
		-0.428323	-2.40328	0
	}
}
{Volume "part2"
	{Polyhedron "part2.vol"}
	{Bone "part2"}
	{Matrix34
		0	-0.999992	-0.00397696
		1	0	0
		0	-0.00397696	0.999992
		0	0	0
	}
}
{Volume "part3"
	{Polyhedron "part3.vol"}
	{Bone "part3"}
	{Matrix34
		-1	0	0
		0	0	1
		0	1	0
		-2.93913	-5.99722	1.92664
	}
}
{Volume "part4"
	{Box 4.19355 2.88018 6.51982}
	{Bone "part4"}
	{Matrix34
		-0.896358	-0.184162	-0.403271
		-0.416947	0.0410594	0.908003
		-0.150662	0.982038	-0.11359
		0.0237665	-0.24958	-0.246232
	}
}
{Volume "part5"
	{Cylinder 1.0252 14.9081}
	{Bone "part5"}
	{Matrix34
		0	0	-1
		0	1	0
		1	0	0
		-0.00463486	0	1.35809e-005
	}
}
{Volume "wheel1"
	{Cylinder 7.32283 2.64797}
	{Bone "wheel1"}
	{Matrix34
		1	0	0
		0	1	0
		0	0	1
		0.0916461	0.309867	0.0626899
	}
}
{Volume "wheel2"
	{Cylinder 7.28346 2.64797}
	{Bone "wheel2"}
	{Position 0.0667771	0.0280821	0.0119206}
}
{Volume "wheel3"
	{Cylinder 7.28346 2.64796}
	{Bone "wheel3"}
	{Position -0.0343096	0.0280786	0.00816798}
}
