;Exported by: Mauzer
;Date:        Fri Jun 18 16:02:26 2010
;File:        E:\Autodesk\Low poly\freelance\DMS\Churchill Mk VII + Crocodile variant + AVRE variant\Churchill AVRE_xx.max
{Skeleton
	{bone "basis"
		{Orientation
			1	0	0
			0	-1	0
			0	0	1
		}
		{bone "body"
			{parameters "ID=body;"}
			{Matrix34
				0.999848	-0.000762434	-0.0174356
				0	-0.999048	0.0436191
				0.0174523	0.0436124	0.998896
				-0.405998	-0.254998	16.6975
			}
			{VolumeView "body.ply"}
			{bone "part6"
				{Matrix34
					-0.104529	0.994522	0
					-0.994522	-0.104529	0
					0	0	1
					40.054	11.581	9.85892
				}
				{VolumeView "part6.ply"}
			}
			{bone "part5"
				{Matrix34
					0.843578	0.53658	-0.0213984
					-0.536907	0.843518	-0.01441
					0.0103178	0.0236449	0.999667
					27.4041	-26.8916	3.30687
				}
				{VolumeView "part5.ply"}
			}
			{bone "cover6"
				{Matrix34
					-0.558877	-0.829199	-0.00929952
					0.82796	-0.557346	-0.062025
					0.046248	-0.042364	0.998031
					27.3665	26.9054	3.30687
				}
				{VolumeView "cover6.ply"}
			}
			{bone revolute "turret"
				{parameters "ID=turret;"}
				{speed 0.01}
				{Matrix34
					0.975542	0.213799	-0.0510623
					0.212894	-0.976814	-0.0226108
					0.0547125	-0.0111869	0.998439
					-4.57265	-0.262097	24.8465
				}
				{VolumeView "turret.ply"}
				{bone revolute "gun_rot"
					{parameters "ID=gun;"}
					{limits -10 15}
					{speed 0.01}
					{Matrix34
						0.998136	0.000607883	-0.0610332
						0.0609963	0.026224	0.997793
						0.00220708	-0.999656	0.0261381
						16.2736	0.570203	-3.26944
					}
					{VolumeView "gun_rot.ply"}
					{bone "object73"
						{Matrix34
							0.999877	0.00833793	-0.0133234
							0.0125172	0.0902275	0.995842
							-0.00950544	0.995886	-0.090112
							15.5584	0.892941	1.16688
						}
					}
					{bone "gun"
						{parameters "ID=gun;"}
						{Position 17.5796	0.85981	1.82999}
						{VolumeView "gun.ply"}
					}
				}
				{bone "cover2"
					{Matrix34
						-0.872096	0.217438	0.438371
						-0.241922	-0.970296	0
						-0.42535	0.106052	-0.898794
						-10.3784	-6.89892	6.07305
					}
					{VolumeView "cover2.ply"}
				}
				{bone "cover3"
					{Matrix34
						-0.760406	0	-0.649448
						0	-1	0
						0.649448	0	-0.760406
						0.220645	8.59956	8.00793
					}
					{VolumeView "cover3.ply"}
				}
				{bone "part2"
					{Matrix34
						1	0	0
						0	-1	0
						0	0	1
						-26.0534	-0.253981	0.279526
					}
					{VolumeView "part2.ply"}
				}
			}
			{bone revolute "wheell1"
				{parameters "ID=trackleft;Radius=0.4;"}
				{Matrix34
					1	0.000913231	2.39573e-005
					-2.38661e-005	0.0523285	-0.99863
					0.000913233	-0.99863	-0.0523285
					59.0148	-21.0317	4.09098
				}
				{VolumeView "wheell1.ply"}
			}
			{bone revolute "part3"
				{parameters "ID=trackleft;Radius=0.42;"}
				{Matrix34
					1	0	0
					0	0	-1
					0	-1	0
					-59.4342	-21.0233	4.03081
				}
				{VolumeView "part3.ply"}
			}
			{bone revolute "part1"
				{parameters "ID=trackRight;Radius=0.4;"}
				{Matrix34
					0.999049	0.0435705	-0.00191921
					-0.00188608	-0.000801694	-0.999998
					-0.0435719	0.99905	-0.000718754
					59.0148	21.0316	4.091
				}
				{VolumeView "part1.ply"}
			}
			{bone revolute "wheelr13"
				{parameters "ID=trackRight;Radius=0.42;"}
				{Matrix34
					1	0	0
					0	0	-1
					0	1	0
					-59.4342	21.0233	4.03082
				}
				{VolumeView "wheelr13.ply"}
			}
			{bone revolute "wheell12"
				{parameters "ID=trackleft;Radius=0.16;"}
				{Matrix34
					0.976956	-0.0917109	-0.192732
					-0.194839	-0.0145154	-0.980728
					-0.0871458	-0.99568	0.0320498
					-51.2406	-21.19	-8.45592
				}
				{VolumeView "wheell12.ply"}
			}
			{bone revolute "wheelr2"
				{parameters "ID=trackRight;Radius=0.16;"}
				{Matrix34
					0.987876	-0.148724	-0.0445315
					-0.0540308	-0.0604528	-0.996708
					0.145543	0.987029	-0.0677555
					51.188	21.1901	-9.66614
				}
				{VolumeView "wheelr2.ply"}
			}
			{bone revolute "wheelr12"
				{parameters "ID=trackRight;Radius=0.16;"}
				{Matrix34
					1	0	0
					0	0	-1
					0	1	0
					-51.2322	21.1901	-8.43484
				}
				{VolumeView "wheelr2.ply"}
			}
			{bone revolute "mgun"
				{limits -15 15}
				{Matrix34
					1	0	0
					0	-1	0
					0	0	1
					39.4013	-7.3735	9.31838
				}
				{VolumeView "mgun.ply"}
			}
			{bone "object02"
				{parameters "CommonMesh;ID=engine;"}
				{Matrix34
					0.999401	0.00451454	0.034305
					-0.00451944	-0.965926	0.25878
					0.0343044	-0.25878	-0.965327
					-58.7041	6.85564	13.1247
				}
				{VolumeView "object02.ply"}
			}
			{bone "object01"
				{parameters "CommonMesh;ID=engine;"}
				{Matrix34
					0.999984	-0.00553748	0.000901224
					0.00553733	0.948324	-0.317256
					0.000902157	0.317256	0.948339
					-58.7041	-6.84959	13.1247
				}
				{VolumeView "object01.ply"}
			}
			{bone "object05"
				{parameters "CommonMesh;ID=engine;"}
				{Matrix34
					0.99998	0.00625432	0.00115968
					-0.00625456	0.93358	0.358313
					0.00115837	-0.358313	0.933601
					-26.8507	-10.8976	13.4104
				}
				{VolumeView "object05.ply"}
			}
			{bone "object03"
				{parameters "CommonMesh;ID=engine;"}
				{Matrix34
					0.999988	0.00481074	0.000676634
					-0.00481092	0.961262	0.275595
					0.000675401	-0.275595	0.961273
					-38.544	-10.8976	13.4104
				}
				{VolumeView "object03.ply"}
			}
			{bone "engine"
				{parameters "CommonMesh;ID=engine;"}
				{Matrix34
					0.99999	-0.00451659	0.000594616
					0.00451661	0.965926	-0.258779
					0.000594443	0.258779	0.965936
					-26.8507	10.8796	13.404
				}
				{VolumeView "engine.ply"}
			}
			{bone "part7"
				{Position 1.44354	-20.7048	10.9185}
				{VolumeView "part7.ply"}
			}
			{bone "part8"
				{parameters "ID=body;"}
				{Position 1.44355	20.7048	10.9185}
				{VolumeView "part8.ply"}
			}
		}
		{bone "wheelsr"
			{parameters "wheelsR;"}
			{Matrix34
				1	0	0
				0	-1	0
				0	0	1
				-0.0311508	-21.4451	9.94119
			}
			{VolumeView "wheelsr.ply"}
			{bone revolute "wheelr11"
				{parameters "ID=trackRight;Radius=0.16;"}
				{Matrix34
					1	0	0
					0	0	-1
					0	1	0
					-40.1184	1.71661e-005	-5.42791
				}
				{VolumeView "wheelr2.ply"}
			}
			{bone revolute "wheelr7"
				{parameters "ID=trackRight;Radius=0.16;"}
				{Matrix34
					0.994522	0.104528	0
					0	0	-1
					-0.104528	0.994522	0
					-1.96866	1.14441e-005	-5.42791
				}
				{VolumeView "wheelr2.ply"}
			}
			{bone revolute "wheelr5"
				{parameters "ID=trackRight;Radius=0.16;"}
				{Matrix34
					1	0	0
					0	-0.12187	-0.992546
					0	0.992546	-0.12187
					16.9666	0	-5.42791
				}
				{VolumeView "wheelr2.ply"}
			}
			{bone revolute "wheelr3"
				{parameters "ID=trackRight;Radius=0.16;"}
				{Matrix34
					1	0	0
					0	0	-1
					0	1	0
					36.7364	0	-5.42791
				}
				{VolumeView "wheelr2.ply"}
			}
		}
		{bone "wheelsl"
			{parameters "wheelsL;"}
			{Matrix34
				0.999391	0	-0.0348985
				0	-1	0
				0.0348985	0	0.999391
				-0.0311527	20.9351	9.9412
			}
			{VolumeView "wheelsl.ply"}
			{bone revolute "wheell4"
				{parameters "ID=trackleft;Radius=0.16;"}
				{Matrix34
					0.993916	0.104528	0.0347074
					0.0348985	0	-0.999391
					0.104464	-0.994522	0.00364734
					26.5808	0	-4.50821
				}
				{VolumeView "wheell12.ply"}
			}
			{bone revolute "wheell5"
				{parameters "ID=trackleft;Radius=0.16;"}
				{Matrix34
					0.999391	0	0.0348985
					0.0348985	0	-0.999391
					0	-1	0
					17.1653	0	-4.837
				}
				{VolumeView "wheell12.ply"}
			}
			{bone revolute "part4"
				{parameters "ID=trackleft;Radius=0.16;"}
				{Matrix34
					0.999353	0.00872594	0.0348971
					0.0342051	0.0697544	-0.996978
					0.0111338	-0.997526	-0.0694108
					-20.6631	2.28882e-005	-6.15796
				}
				{VolumeView "wheell12.ply"}
			}
		}
	}
}
{Volume "body2"
	{Polyhedron "body2.vol"}
	{Bone "body"}
	{Matrix34
		-1	0	0
		0	0	1
		0	-1	0
		-15.0885	-0.254995	2.80544
	}
}
{Volume "body3"
	{Polyhedron "body3.vol"}
	{Bone "body"}
	{Matrix34
		-1	0	0
		0	0	1
		0	-1	0
		-15.0885	-0.254995	2.80544
	}
}
{Volume "body"
	{Polyhedron "body.vol"}
	{Bone "body"}
	{Matrix34
		-1	0	0
		0	0	1
		0	-1	0
		-15.0885	-0.254995	2.80544
	}
}
{Volume "engine"
	{Polyhedron "engine.vol"}
	{Bone "body"}
	{Matrix34
		-1	0	0
		0	0	1
		0	-1	0
		-51.7197	-1.23999	7.23515
	}
}
{Volume "gun"
	{Cylinder 3.21241 19.5547}
	{Bone "gun"}
	{Matrix34
		0	0	-1
		0	1	0
		1	0	0
		-2.8611	-0.190689	-0.764741
	}
}
{Volume "mantlet"
	{Polyhedron "mantlet.vol"}
	{Bone "gun_rot"}
	{Matrix34
		-1	0	0
		0	1	0
		0	0	-1
		1.53757	0.0860901	0.577297
	}
}
{Volume "part1"
	{Cylinder 7.85381 8.04844}
	{Bone "part1"}
	{Matrix34
		-1	0	0
		0	-1	0
		0	0	-1
		0	0	0.0590739
	}
}
{Volume "part2"
	{Box 12.0484 18.3849 10.897}
	{Bone "part2"}
	{Matrix34
		-0.998629	-0.00361248	-0.052211
		0.00361255	-0.999993	9.41763e-005
		0.0522111	9.45404e-005	-0.998636
		0.253664	0.000458597	-0.221593
	}
}
{Volume "part3"
	{Cylinder 8.51537 8.20652}
	{Bone "part3"}
	{Position 0	0	0.0716825}
}
{Volume "part4"
	{Cylinder 3.32204 8.51315}
	{Bone "part4"}
	{Position 0	0	-0.0671573}
}
{Volume "part5"
	{Cylinder 5.73597 1.22095}
	{Bone "part5"}
	{Matrix34
		1	-1.14425e-005	0
		0	0.0317633	0.999495
		1.16279e-005	0.999495	-0.0317633
		-6.118	0.490214	0.0956339
	}
}
{Volume "part6"
	{Cylinder 3.12825 2.76484}
	{Bone "part6"}
	{Matrix34
		-0.0173424	0.999778	-0.0120074
		0.0452025	0.0127809	0.998896
		-0.998828	-0.0167804	0.0454142
		-0.42621	-4.12961	-0.0421075
	}
}
{Volume "part7"
	{Box 115.783 12.743 7.2844}
	{Bone "part7"}
	{Matrix34
		0.999962	0.00022729	-0.00872601
		0.000151155	-0.999962	-0.00872509
		0.00872766	-0.00872348	0.999924
		0.136638	0.0218544	0.658624
	}
}
{Volume "part8"
	{Box 115.783 12.743 7.2844}
	{Bone "part8"}
	{Matrix34
		0.999962	0.000227291	-0.00872599
		0.000151154	-0.999962	-0.00872486
		0.00872767	-0.00872321	0.999924
		0.139629	0.31166	0.489845
	}
}
{Volume "trackleft"
	{Polyhedron "trackleft.vol"}
	{Bone "wheelsl"}
	{Matrix34
		-0.999391	0	-0.034898
		-0.034898	0	0.999391
		0	-1	0
		-0.7772	-0.028944	5.68847
	}
}
{Volume "trackright"
	{Polyhedron "trackright.vol"}
	{Bone "wheelsr"}
	{Matrix34
		-1	0	0
		0	0	1
		0	-1	0
		-0.578207	-0.131435	5.71213
	}
}
{Volume "turret"
	{Polyhedron "turret.vol"}
	{Bone "turret"}
	{Position 0	0	-0.0453377}
}
