;Exported by: dementor
;Date:        Tue Dec 18 12:11:42 2007
;File:        D:\ASL7000\Chaffi M24\M24 Chaffee\m24Add_x.max
{Skeleton
	{bone "basis"
		{parameters "Wheelradius=0.8;"}
		{Orientation
			1	0	0
			0	-1	0
			0	0	1
		}
		{bone "body"
			{parameters "CommonMesh;ID=body;"}
			;{animation
			;	{sequence "break" {file "body_b.anm"}}
			;}
			{Position -0.803581	0.0309947	18.4585}
			{VolumeView "body.ply"}
			{bone revolute "turret"
				{parameters "ID=turret;"}
				;{animation
				;	{sequence "break" {file "turret_b.anm"}}
				;}
				{Position 6.24187	-0.0479344	14.4222}
				{VolumeView "turret.ply"}
				{bone revolute "gun_rot"
					{parameters "ID=gun;"}
					;{animation
					;	{sequence "break" {file "gun_b.anm"} {speed 0.9}}
					;}
					{Matrix34
						1	0	0
						0	0	1
						0	-1	0
						14.7978	-0.293626	6.85487
					}
					{VolumeView "gun_rot.ply"}
					{bone "gun"
						{parameters "ID=gun;"}
						{VolumeView "gun.ply"}
					}
					{bone "mgun_coaxial"
;						{limits 30}
						{Matrix34
							0	0	-1
							0	1	0
							1	0	0
							2.68249	-2.26072	5.39243
						}
						{VolumeView "mgun_coaxial.ply"}
					}
				}
				{bone "cover1"
					{parameters "ID=turret;"}
					{Position -13.5964	5.59597	16.8928}
					{VolumeView "cover1.ply"}
				}
				{bone "fxfire2"
					{Matrix34
						-1	0	0
						0	-1	0
						0	0	1
						0.0352559	-1.14782	-0.684498
					}
				}
				{bone "enumerator"
					{Matrix34
						0.837078	-0.54708	-0.00208916
						-0.135187	-0.210545	0.968192
						-0.530118	-0.81017	-0.2502
						-16.8285	-14.925	5.85114
					}
					{VolumeView "enumerator.ply"}
				}
			}
			{bone "engine"
				{parameters "ID=engine;"}
				{VolumeView "engine.ply"}
			}
			{bone revolute "wheell1"
				{parameters "Radius=0.6;ID=trackleft;"}
				{Matrix34
					-1	0	0
					0	0	1
					0	1	0
					43.2308	23.4703	-2.2195
				}
				{VolumeView "wheell1.ply"}
			}
			{bone revolute "wheell7"
				{parameters "ID=trackleft;"}
				{Matrix34
					-1	0	0
					0	0	1
					0	1	0
					-39.9006	22.5468	-2.05412
				}
				{VolumeView "wheell7.ply"}
			}
			{bone revolute "wheelr1"
				{parameters "Radius=0.6;ID=trackright;"}
				{Matrix34
					-1	0	0
					0	0	1
					0	1	0
					43.2308	-23.4412	-2.21945
				}
				{VolumeView "wheelr1.ply"}
			}
			{bone revolute "wheelr7"
				{parameters "ID=trackright;"}
				{Matrix34
					-1	0	0
					0	0	1
					0	1	0
					-39.9006	-22.2547	-2.05408
				}
				{VolumeView "wheelr7.ply"}
			}
			{bone "mgun"
				{Matrix34
					0	1	0
					0	0	1
					1	0	0
					44.4489	-12.7071	7.26528
				}
				{VolumeView "mgun.ply"}
			}
		}
		{bone "wheelsl"
			{parameters "ID=trackleft;"}
			{animation
				{sequence "break" {file "trackL_b.anm"} {speed 0.8}}
			}
			{Position -0.803581	0.0309947	18.4585}
			{VolumeView "wheelsl.ply"}
			{bone revolute "wheell6"
				{parameters "ID=trackleft;"}
				{Matrix34
					0.906308	0	-0.422618
					-0.422618	0	-0.906308
					0	1	0
					-26.6471	22.9003	-8.94097
				}
				{VolumeView "wheell6.ply"}
			}
			{bone revolute "wheell5"
				{parameters "ID=trackleft;"}
				{Matrix34
					0.707107	0	-0.707107
					-0.707107	0	-0.707107
					0	1	0
					-12.851	22.9003	-8.94097
				}
				{VolumeView "wheell5.ply"}
			}
			{bone revolute "wheell4"
				{parameters "ID=trackleft;"}
				{Matrix34
					0.173648	0	-0.984808
					-0.984808	0	-0.173648
					0	1	0
					1.20829	22.9003	-8.94097
				}
				{VolumeView "wheell4.ply"}
			}
			{bone revolute "wheell3"
				{parameters "ID=trackleft;"}
				{Matrix34
					0.819152	0	0.573577
					0.573577	0	-0.819152
					0	1	0
					15.4615	22.9003	-8.94097
				}
				{VolumeView "wheell3.ply"}
			}
			{bone revolute "wheell2"
				{parameters "ID=trackleft;"}
				{Matrix34
					-0.766045	0	0.642787
					0.642787	0	0.766045
					0	1	0
					29.2622	22.9003	-8.94097
				}
				{VolumeView "wheell2.ply"}
			}
			{bone "trackl"
				{parameters "CommonMesh;ID=trackleft;"}
				{Matrix34
					1	0	0
					0	0	1
					0	-1	0
					1.47405	23.117	-5.09932
				}
				{VolumeView "trackl.ply"}
			}
		}
		{bone "wheelsr"
			{parameters "ID=trackright;"}
			{animation
				{sequence "break" {file "trackR_b.anm"} {speed 0.8}}
			}
			{Position -0.803581	0.0309947	18.4585}
			{VolumeView "wheelsr.ply"}
			{bone revolute "wheelr2"
				{parameters "ID=trackright;"}
				{Matrix34
					-0.173648	0	-0.984808
					-0.984808	0	0.173648
					0	1	0
					29.2622	-22.9284	-8.94093
				}
				{VolumeView "wheelr2.ply"}
			}
			{bone revolute "wheelr3"
				{parameters "ID=trackright;"}
				{Matrix34
					-0.34202	0	0.939692
					0.939692	0	0.34202
					0	1	0
					15.4615	-22.9284	-8.94093
				}
				{VolumeView "wheelr3.ply"}
			}
			{bone revolute "wheelr4"
				{parameters "ID=trackright;"}
				{Matrix34
					-0.707107	0	0.707107
					0.707107	0	0.707107
					0	1	0
					1.2083	-22.9284	-8.94093
				}
				{VolumeView "wheelr4.ply"}
			}
			{bone revolute "wheelr5"
				{parameters "ID=trackright;"}
				{Matrix34
					0	0	1
					1	0	0
					0	1	0
					-12.851	-22.9284	-8.94093
				}
				{VolumeView "wheelr5.ply"}
			}
			{bone revolute "wheelr6"
				{parameters "ID=trackright;"}
				{Matrix34
					0.819152	0	-0.573576
					-0.573576	0	-0.819152
					0	1	0
					-26.6471	-22.9284	-8.94093
				}
				{VolumeView "wheelr6.ply"}
			}
			{bone "trackr"
				{parameters "CommonMesh;ID=trackright;"}
				{Matrix34
					1	0	0
					0	0	1
					0	-1	0
					1.47406	-23.2017	-5.09927
				}
				{VolumeView "trackr.ply"}
			}
		}
	}
}
