;Exported by: Mauzer
;Date:        Thu Dec 29 12:25:21 2011
;File:        E:\Autodesk\Low poly\freelance\DMS\Tanks\Marder III H\Marder III H_xx.max
{Skeleton
	{bone revolute "basis"
		{Orientation
			1	0	0
			0	-1	0
			0	0	1
		}
		{bone "wheelsr"
			{parameters "wheelsR;"}
			{Matrix34
				-1	0	0
				0	1	0
				0	0	1
				-3.29304	-15.0346	9.17564
			}
			{VolumeView "wheelsr.ply"}
			{bone revolute "wheelr5"
				{parameters "ID=trackRight;Radius=0.38;"}
				{Matrix34
					-1	0	0
					0	0	-1
					0	1	0
					25.5629	-2.49951	-0.828609
				}
				{VolumeView "wheelr5.ply"}
			}
			{bone revolute "wheelr4"
				{parameters "ID=trackRight;Radius=0.38;"}
				{Matrix34
					-1	0	0
					0	0.165048	-0.986286
					0	0.986286	0.165048
					9.11662	-2.49951	-0.828609
				}
				{VolumeView "wheelr5.ply"}
			}
			{bone revolute "wheelr2"
				{parameters "ID=trackRight;Radius=0.38;"}
				{Matrix34
					-1	0	0
					0	0	-1
					0	1	0
					-25.6521	-2.49949	-0.828609
				}
				{VolumeView "wheelr5.ply"}
			}
		}
		{bone "wheelsl"
			{parameters "wheelsL;"}
			{Matrix34
				-1	0	0
				0	1	0
				0	0	1
				-3.29304	15.197	9.17564
			}
			{VolumeView "wheelsl.ply"}
			{bone revolute "part4"
				{parameters "ID=trackleft;Radius=0.38;"}
				{Matrix34
					-1	0	0
					0	0.0958461	-0.995396
					0	0.995396	0.0958461
					9.1197	2.26309	-0.828614
				}
				{VolumeView "part4.ply"}
			}
			{bone revolute "wheell2"
				{parameters "ID=trackleft;Radius=0.38;"}
				{Matrix34
					-0.996195	0.0871562	0
					0	0	-1
					0.0871562	0.996195	0
					-25.6569	2.49949	-0.828613
				}
				{VolumeView "part4.ply"}
			}
		}
		{bone "body"
			{parameters "ID=body;"}
			{Matrix34
				0.998135	-0.00213082	-0.0610114
				0	0.999391	-0.034899
				0.0610486	0.0348339	0.997527
				-2.36501	0.081192	19.2988
			}
			{VolumeView "body.ply"}
			{bone revolute "mantlet"
				{parameters "ID=gun;"}
				{limits -30 30}
				{speed 0.01}
				{Matrix34
					0.997213	0.0708764	-0.0232942
					-0.0708498	0.997485	0.0019669
					0.023375	-0.000311028	0.999727
					7.16807	-0.16651	14.9937
				}
				{VolumeView "mantlet.ply"}
				{bone revolute "gun_rot"
					{parameters "ID=gun;"}
					{limits -5 18}
					{speed 0.01}
					{Matrix34
						0.995535	0.000544965	-0.0943956
						0.0941259	0.0700214	0.993095
						0.00715091	-0.997545	0.0696574
						2.07471	0.102059	3.10105
					}
					{VolumeView "gun_rot.ply"}
					{bone "gun"
						{parameters "ID=gun;"}
						{Matrix34
							1	0	0
							0	0	-1
							0	1	0
							22.6603	0.25745	-0.348533
						}
						{VolumeView "gun.ply"}
					}
				}
			}
			{bone "cover1"
				{Matrix34
					-0.852648	0.000138642	-0.522486
					0.000100395	1	0.000101514
					-0.522486	-3.40976e-005	0.852648
					30.867	0.122729	1.16699
				}
				{VolumeView "cover1.ply"}
			}
			{bone revolute "part3"
				{parameters "ID=trackRight;Radius=0.34;"}
				{Matrix34
					0.990304	-0.138808	-0.00544928
					-0.00426473	0.0088297	-0.999952
					0.138849	0.99028	0.00815211
					37.2021	-17.2609	-5.36242
				}
				{VolumeView "part3.ply"}
			}
			{bone revolute "wheelr7"
				{parameters "ID=trackRight;Radius=0.11;"}
				{Matrix34
					1	0	0
					0	0	-1
					0	1	0
					-0.755545	-17.2019	-3.2514
				}
				{VolumeView "wheelr7.ply"}
			}
			{bone revolute "wheelr6"
				{parameters "ID=trackRight;Radius=0.26;"}
				{Matrix34
					0.993596	0.112937	0.00355959
					0.00434205	-0.0066831	-0.999968
					-0.11291	0.99358	-0.00713068
					-37.9114	-17.434	-9.48879
				}
				{VolumeView "wheelr6.ply"}
			}
			{bone revolute "wheell8"
				{parameters "ID=trackleft;Radius=0.11;"}
				{Matrix34
					1	0	0
					0	0	-1
					0	1	0
					16.5675	17.2019	-2.17423
				}
				{VolumeView "wheell8.ply"}
			}
			{bone revolute "wheell1"
				{parameters "ID=trackleft;Radius=0.34;"}
				{Matrix34
					0.999983	-0.00585123	0.000280384
					-0.000280686	-0.0956674	-0.995413
					0.00585122	0.995396	-0.0956674
					37.2021	17.2609	-5.36243
				}
				{VolumeView "wheell1.ply"}
			}
			{bone revolute "part5"
				{parameters "ID=trackleft;Radius=0.26;"}
				{Matrix34
					0.997573	0.0695891	0.00228596
					0.00258246	-0.0041712	-0.999988
					-0.0695788	0.997567	-0.00434078
					-37.9114	17.6948	-9.48879
				}
				{VolumeView "part5.ply"}
			}
			{bone revolute "mgun_rot2"
				{limits -15 15}
				{Matrix34
					0.907517	0.398378	0.13307
					-0.0827296	-0.141073	0.986537
					0.411787	-0.906308	-0.0950684
					27.4808	3.09083	4.84571
				}
				{bone revolute "mgun"
					{limits -15 15}
					{Matrix34
						1	0	0
						0	0	-1
						0	1	0
						0.00309563	0.00594902	-0.00754118
					}
					{VolumeView "mgun.ply"}
				}
			}
			{bone "part2"
				{parameters "ID=body;"}
				{animation
					{sequence "break" {file "body_b.anm"} {speed 0.7}}
				}
				{Position 0	0	0}
				{VolumeView "part2.ply"}
			}
			{bone "part1"
				{parameters "ID=body;"}
				{animation
					{sequence "break" {file "body_b.anm"} {speed 0.7}}
				}
				{Position 0	0	0}
				{VolumeView "part1.ply"}
			}
			{bone "part6"
				{parameters "CommonMesh;ID=engine;"}
				{Position -42.303	1.05781	4.59226}
				{VolumeView "part6.ply"}
			}
			{bone "engine"
				{parameters "CommonMesh;ID=engine;"}
				{Position -24.1551	-1.90835	9.87057}
				{VolumeView "engine.ply"}
			}
		}
	}
}
{Volume "body1"
	{Polyhedron "body1.vol"}
	{Bone "body"}
	{Position 9.82868	-0.0197709	3.79479}
}
{Volume "body2"
	{Polyhedron "body2.vol"}
	{Bone "body"}
	{Position -0.0937219	-0.0197738	-4.90455}
}
{Volume "body3"
	{Polyhedron "body3.vol"}
	{Bone "body"}
	{Position -0.0937219	-0.0197757	-6.74702}
}
{Volume "engine"
	{Polyhedron "engine.vol"}
	{Bone "engine"}
	{Position -0.751213	1.88858	-7.89031}
}
{Volume "gun"
	{Cylinder 1.92707 70.9148}
	{Bone "gun_rot"}
	{Matrix34
		0	0	-1
		0	1	0
		1	0	0
		22.6952	0.257451	-0.348534
	}
}
{Volume "part1"
	{Polyhedron "part1.vol"}
	{Bone "part1"}
	{Matrix34
		-0.998135	0	-0.0610486
		-0.0610114	-0.0348988	0.997527
		-0.00213085	0.999391	0.0348337
		-2.91843	20.7984	17.4433
	}
}
{Volume "part2"
	{Polyhedron "part2.vol"}
	{Bone "part2"}
	{Matrix34
		0.00213096	-0.999391	-0.0348339
		-0.0610113	-0.034899	0.997527
		-0.998135	0	-0.0610485
		1.39579	-13.851	15.9188
	}
}
{Volume "part3"
	{Cylinder 7.0031 4.50933}
	{Bone "part3"}
	{Position -0.00149167	-0.000273327	0.00925517}
}
{Volume "part4"
	{Cylinder 7.98791 2.20675}
	{Bone "part4"}
	{Position 0	0.00488034	-0.362081}
}
{Volume "part5"
	{Cylinder 5.47117 4.69722}
	{Bone "part5"}
	{Position -0.0259553	0.0678877	-0.377373}
}
{Volume "part6"
	{Cylinder 2.43378 19.2259}
	{Bone "part6"}
	{Matrix34
		-0.992444	-0.104465	-0.0643553
		-0.0415991	-0.20696	0.977465
		-0.11543	0.972756	0.201051
		0.693916	0.466636	0.683285
	}
}
